binID	Length	Mu	nMut	PvalRaw	QvalRaw	nSample	nMutSample	PvalM	QvalM	nEigenAll	nEigen	fscore	MuAdj	Pval	Qval
enhancers::chr1:2267000-2269600::NA::NA	757	0.000971558790382783	6	0.00011575701790965036	0.04943656995564386	6	6	0.00011575701790965036	0.06181424756375329	5.0		0.0		1	1.0
enhancers::chr14:82897800-82899600::NA::NA	874	0.0014379246308961768	3	0.13292510638794272	0.19275221992476096	3	3	0.13292510638794272	0.19486457301982685	3.0		0.0		1	1.0
enhancers::chr20:23734400-23736600::NA::NA	769	0.0008245466472601708	2	0.13319394972328988	0.19275221992476096	2	2	0.13319394972328988	0.19486457301982685	2.0		0.0		1	1.0
enhancers::chr13:39774600-39775800::NA::NA	653	0.0009641000734251392	2	0.13166687388049914	0.19158068297598513	2	2	0.13166687388049914	0.19369176488205658	2.0		0.0		1	1.0
enhancers::chr12:7827200-7832600::NA::NA	773	0.0008143628166851319	2	0.13165778308890805	0.19158068297598513	2	2	0.13165778308890805	0.19369176488205658	2.0		0.0		1	1.0
enhancers::chr9:102278200-102279200::NA::NA	644	0.0009721347197044588	2	0.13049221654558543	0.19143638361357862	2	2	0.13049221654558543	0.1930272676879297	2.0		0.0		1	1.0
enhancers::chr5:92629600-92632400::NA::NA	942	0.0006621017979227747	2	0.129723730605213	0.19083325659279268	2	2	0.129723730605213	0.19242353373106597	2.0		0.0		1	1.0
enhancers::chr2:179492800-179494400::NA::NA	725	0.0008583733481453594	2	0.12925035828821754	0.19066213073455296	2	2	0.12925035828821754	0.19225540759305898	1.0		0.0		1	1.0
enhancers::chr11:8553400-8554800::NA::NA	813	0.0007636678150319704	2	0.12876920104629935	0.19047854115989987	2	2	0.12876920104629935	0.19207473005230127	1.0		0.0		1	1.0
enhancers::chr11:9169600-9173800::NA::NA	1254	0.0004929507435253341	2	0.12788537196678118	0.18969663508405876	2	2	0.12788537196678118	0.19129072445451303	2.0		0.0		1	1.0
enhancers::chr16:23572800-23577400::NA::NA	919	0.0006717888657139612	2	0.12761203158403683	0.18969663508405876	2	2	0.12761203158403683	0.19129072445451303	2.0		0.0		1	1.0
enhancers::chr10:82036000-82041000::NA::NA	982	0.0006261798694668148	2	0.1267944533067016	0.1894470355293948	2	2	0.1267944533067016	0.19104799639302347	2.0		0.0		1	1.0
enhancers::chr21:38669600-38670400::NA::NA	800	0.0007686396679580439	2	0.1267863469200909	0.1894470355293948	2	2	0.1267863469200909	0.19104799639302347	2.0		0.0		1	1.0
enhancers::chr13:103597200-103598000::NA::NA	715	0.0008609713920808777	2	0.12700756314517478	0.1894470355293948	2	2	0.12700756314517478	0.19104799639302347	2.0		0.0		1	1.0
enhancers::chrX:30644200-30646800::NA::NA	925	0.0006617501814244406	2	0.12586524225665466	0.18932968835226363	2	2	0.12586524225665466	0.19094329365072044			0.0		1	1.0
enhancers::chr7:132919600-132921800::NA::NA	905	0.0006750853426636448	2	0.12547721520533653	0.1892791890385585	2	2	0.12547721520533653	0.19089695988504188	2.0		0.0		1	1.0
enhancers::chr12:16602800-16604000::NA::NA	868	0.0007037940675057695	2	0.12545579267131118	0.1892791890385585	2	2	0.12545579267131118	0.19089695988504188	2.0		0.0		1	1.0
enhancers::chr11:57750200-57751000::NA::NA	796	0.0007639961168247629	2	0.12453967412786127	0.18911585300563585	2	2	0.12453967412786127	0.19074149071055532	1.0		0.0		1	1.0
enhancers::chrX:21426200-21427200::NA::NA	775	0.0007851745919082429	2	0.1246606371872356	0.18911585300563585	2	2	0.1246606371872356	0.19074149071055532			0.0		1	1.0
enhancers::chr1:103749000-103749600::NA::NA	523	0.001158446847637775	2	0.12376170314529443	0.18882499851310636	2	2	0.12376170314529443	0.1904574912956404	2.0		0.0		1	1.0
enhancers::chr15:89913400-89916400::NA::NA	866	0.0006972040324902231	2	0.1231015749230351	0.188355991429515	2	2	0.1231015749230351	0.18998913586387497	2.0		0.0		1	1.0
enhancers::chr5:8997400-8998200::NA::NA	507	0.0011869303468858485	2	0.1224077324043191	0.18783255489628276	2	2	0.1224077324043191	0.18946588146059826	2.0		0.0		1	1.0
enhancers::chr5:150484000-150488600::NA::NA	862	0.0006822466999432276	2	0.11795159725654761	0.1870479649974415	2	2	0.11795159725654761	0.18867919725032617	2.0		0.0		1	1.0
enhancers::chr8:97824000-97825600::NA::NA	801	0.0007292513865864846	2	0.11665443488193905	0.1870479649974415	2	2	0.11665443488193905	0.18867919725032617	2.0		0.0		1	1.0
enhancers::chr16:51340600-51341600::NA::NA	635	0.0009294885713226894	2	0.11863091285830395	0.1870479649974415	2	2	0.11863091285830395	0.18867919725032617	2.0		0.0		1	1.0
enhancers::chr10:10773800-10775200::NA::NA	621	0.0009610064061811698	2	0.1207801080623957	0.1870479649974415	2	2	0.1207801080623957	0.18867919725032617	2.0		0.0		1	1.0
enhancers::chrX:148653400-148654800::NA::NA	780	0.0007595385371959608	2	0.1193675594617295	0.1870479649974415	2	2	0.1193675594617295	0.18867919725032617			0.0		1	1.0
enhancers::chr5:15554200-15555800::NA::NA	541	0.001107339148101011	2	0.12152223147714089	0.1870479649974415	2	2	0.12152223147714089	0.18867919725032617	2.0		0.0		1	1.0
enhancers::chr8:16994800-16997200::NA::NA	703	0.0008473305982148691	2	0.12042244688983082	0.1870479649974415	2	2	0.12042244688983082	0.18867919725032617	2.0		0.0		1	1.0
enhancers::chr2:143898200-143900400::NA::NA	886	0.0006757567670037832	2	0.12143558708517087	0.1870479649974415	2	2	0.12143558708517087	0.18867919725032617	1.0		0.0		1	1.0
enhancers::chr3:73344000-73345400::NA::NA	669	0.0009511185468918524	2	0.13393420389174962	0.19329963480593051	2	2	0.13393420389174962	0.19541219912074945	2.0		0.0		1	1.0
enhancers::chr7:36764400-36768000::NA::NA	823	0.0007204608591090381	2	0.11953379408088573	0.1870479649974415	2	2	0.11953379408088573	0.18867919725032617	2.0		0.0		1	1.0
enhancers::chr17:52347400-52348000::NA::NA	600	0.0010751852752544518	2	0.1369030687735012	0.1964654149193314	2	2	0.1369030687735012	0.19859512131412088	2.0		0.0		1	1.0
enhancers::chr22:48933000-48936200::NA::NA	508	0.0012691763170650237	2	0.13676624594555115	0.1964654149193314	2	2	0.13676624594555115	0.19859512131412088	2.0		0.0		1	1.0
enhancers::chr7:41066800-41068600::NA::NA	1270	0.0010859350724497841	3	0.1614025599423391	0.21536745208301014	3	3	0.1614025599423391	0.21644698818367683	3.0		0.0		1	1.0
enhancers::chr2:58258800-58260200::NA::NA	953	0.0007487961303084284	2	0.1605094039524048	0.2148170970190079	2	2	0.1605094039524048	0.21589929901910365	2.0		0.0		1	1.0
enhancers::chr3:87003400-87004400::NA::NA	695	0.0010223357293250857	2	0.15941937427034292	0.21389433633257063	2	2	0.15941937427034292	0.21497461075849272	2.0		0.0		1	1.0
enhancers::chr16:15698600-15706400::NA::NA	1042	0.0006803018263166619	2	0.15886105074973186	0.21368211864069725	2	2	0.15886105074973186	0.21476405341862484	2.0		0.0		1	1.0
enhancers::chr7:40684000-40685000::NA::NA	721	0.000980917150918383	2	0.1582758419765256	0.21343257478652694	2	2	0.1582758419765256	0.21451598887173776	2.0		0.0		1	1.0
enhancers::chr12:80945200-80947800::NA::NA	881	0.0008019353801904712	2	0.15802826040475224	0.21343257478652694	2	2	0.15802826040475224	0.21451598887173776	2.0		0.0		1	1.0
enhancers::chr17:12587600-12590400::NA::NA	1266	0.0010744377418538586	3	0.15689553356638394	0.21343257478652694	3	3	0.15689553356638394	0.21451598887173776	3.0		0.0		1	1.0
enhancers::chr4:10289800-10291800::NA::NA	1138	0.0006194939852917132	2	0.1575074989708136	0.21343257478652694	2	2	0.1575074989708136	0.21451598887173776	2.0		0.0		1	1.0
enhancers::chr13:38219200-38221600::NA::NA	699	0.0010028651065878227	2	0.1561013904138534	0.2131921802583062	2	2	0.1561013904138534	0.21451598887173776	2.0		0.0		1	1.0
enhancers::chr3:165637000-165637800::NA::NA	466	0.0015021056604179854	2	0.1557199530864635	0.2131921802583062	2	2	0.1557199530864635	0.21451598887173776	2.0		0.0		1	1.0
enhancers::chr5:33367800-33372600::NA::NA	1788	0.00076371537391863	4	0.049846175111821836	0.130068478586042	3	3	0.15817563276747873	0.21451598887173776	3.0		0.0		1	1.0
enhancers::chr7:2698000-2704400::NA::NA	874	0.0008074463054158261	2	0.1577501192272867	0.21343257478652694	2	2	0.1577501192272867	0.21451598887173776	2.0		0.0		1	1.0
enhancers::chr12:64230200-64232200::NA::NA	944	0.0007366780324415802	2	0.15417694901398743	0.21164650584439407	2	2	0.15417694901398743	0.21329142687427277	2.0		0.0		1	1.0
enhancers::chr10:29111400-29112800::NA::NA	974	0.0007121092899119862	3	0.03331095740719775	0.11938289433183623	2	2	0.15354357718171427	0.21296693562346863	3.0		0.0		1	1.0
enhancers::chr9:75610200-75612800::NA::NA	1212	0.0005701481461012581	2	0.15265885374114171	0.21010264922105587	2	2	0.15265885374114171	0.2122912184837752	2.0		0.0		1	1.0
enhancers::chr9:110206200-110208000::NA::NA	754	0.0009148564158049757	2	0.15221865814149044	0.21003814844329688	2	2	0.15221865814149044	0.21223175834870991	1.0		0.0		1	1.0
enhancers::chr12:4391000-4395000::NA::NA	660	0.001043545167195619	2	0.1518441661752127	0.21003814844329688	2	2	0.1518441661752127	0.21223175834870991	2.0		0.0		1	1.0
enhancers::chr6:21907000-21908000::NA::NA	728	0.0009360790894291632	2	0.1493370484489764	0.20713242564091794	2	2	0.1493370484489764	0.20930704428281735	1.0		0.0		1	1.0
enhancers::chr2:79927400-79928200::NA::NA	509	0.001328124522729902	2	0.14743792144247608	0.2050308595059433	2	2	0.14743792144247608	0.20718907907969009	2.0		0.0		1	1.0
enhancers::chr22:42991000-42993600::NA::NA	1624	0.0004157789526269888	2	0.14721711287018335	0.2050308595059433	2	2	0.14721711287018335	0.20718907907969009	2.0		0.0		1	1.0
enhancers::chr1:77463400-77465200::NA::NA	842	0.0007948071099189388	2	0.14513680394613324	0.20288757410270983	2	2	0.14513680394613324	0.20503453255882315	2.0		0.0		1	1.0
enhancers::chr8:119862200-119863800::NA::NA	785	0.0008517327289638373	2	0.14492193656582117	0.20288757410270983	2	2	0.14492193656582117	0.20503453255882315	2.0		0.0		1	1.0
enhancers::chr4:187806400-187809400::NA::NA	735	0.0009086768479419813	2	0.1446676126624261	0.20288757410270983	2	2	0.1446676126624261	0.20503453255882315	2.0		0.0		1	1.0
enhancers::chr21:27959800-27961200::NA::NA	683	0.0009609683225941543	2	0.14072362542512912	0.1989151138131916	2	2	0.14072362542512912	0.20103687502719897	2.0		0.0		1	1.0
enhancers::chr9:95004600-95010400::NA::NA	1802	0.0003649120228163222	2	0.14117758077752737	0.1989151138131916	2	2	0.14117758077752737	0.20103687502719897	2.0		0.0		1	1.0
enhancers::chr1:173178600-173183400::NA::NA	1068	0.0006135841529570016	2	0.14039212667250706	0.1989151138131916	2	2	0.14039212667250706	0.20103687502719897	2.0		0.0		1	1.0
enhancers::chrX:1351000-1352000::NA::NA	466	0.00141015712286848	2	0.1409670717917996	0.1989151138131916	2	2	0.1409670717917996	0.20103687502719897			0.0		1	1.0
enhancers::chr9:136911200-136917800::NA::NA	732	0.0008913988114735013	2	0.1394220021014871	0.19853693099251762	2	2	0.1394220021014871	0.20067749089540193	1.0		0.0		1	1.0
enhancers::chr7:37696400-37697800::NA::NA	620	0.0010443846613933348	2	0.13772051195263257	0.1966383780286251	2	2	0.13772051195263257	0.19876419833163728	2.0		0.0		1	1.0
enhancers::chr12:22714400-22716000::NA::NA	963	0.0006708298117394367	2	0.137231460233915	0.1964654149193314	2	2	0.137231460233915	0.19859512131412088	2.0		0.0		1	1.0
enhancers::chr8:104197600-104199800::NA::NA	825	0.000717164821634876	2	0.11911516576148752	0.1870479649974415	2	2	0.11911516576148752	0.18867919725032617	2.0		0.0		1	1.0
enhancers::chr7:134128600-134130000::NA::NA	1181	0.00049655144113241	2	0.11741907380759022	0.1870479649974415	2	2	0.11741907380759022	0.18867919725032617	2.0		0.0		1	1.0
enhancers::chr4:11298600-11299600::NA::NA	694	0.0008632479574597435	2	0.12154614953953596	0.1870479649974415	2	2	0.12154614953953596	0.18867919725032617	2.0		0.0		1	1.0
enhancers::chr6:159046200-159052000::NA::NA	1170	0.0004536860287308789	2	0.09965475619806488	0.17679614554739748	2	2	0.09965475619806488	0.17857597251599544	2.0		0.0		1	1.0
enhancers::chr5:71827200-71828000::NA::NA	661	0.0007992452058289436	2	0.09884601909126145	0.17594591398244536	2	2	0.09884601909126145	0.1777231454368135	2.0		0.0		1	1.0
enhancers::chr7:114698800-114700400::NA::NA	731	0.0007205607141463033	2	0.09836264214955064	0.1756710732704349	2	2	0.09836264214955064	0.177451523337365	2.0		0.0		1	1.0
enhancers::chr6:146521200-146521800::NA::NA	600	0.0008757735458401604	2	0.09795760297763578	0.17553476506730706	2	2	0.09795760297763578	0.17731986437307629	2.0		0.0		1	1.0
enhancers::chr6:86069000-86073000::NA::NA	1120	0.00046452613238213546	2	0.09637754445392277	0.17404264375692238	2	2	0.09637754445392277	0.17581858910138076	1.0		0.0		1	1.0
enhancers::chr13:67832600-67833800::NA::NA	501	0.0010401254035450965	2	0.09659269484564903	0.17404264375692238	2	2	0.09659269484564903	0.17581858910138076	2.0		0.0		1	1.0
enhancers::chr21:46947000-46948600::NA::NA	708	0.0007368593129270128	2	0.09679899849401863	0.17404264375692238	2	2	0.09679899849401863	0.17581858910138076	2.0		0.0		1	1.0
enhancers::chr9:97842400-97847600::NA::NA	685	0.0007503817841949254	2	0.09442645987905716	0.17150928427012424	2	2	0.09442645987905716	0.17327742122136264	2.0		0.0		1	1.0
enhancers::chr11:27925800-27927000::NA::NA	637	0.000798359857009593	2	0.09274945682026395	0.1690382591877848	2	2	0.09274945682026395	0.17078693083455498	2.0		0.0		1	1.0
enhancers::chrX:40273400-40274200::NA::NA	643	0.000786643204864116	2	0.09191220191292296	0.1680860130873317	2	2	0.09191220191292296	0.1698308505934286			0.0		1	1.0
enhancers::chr5:5291400-5292200::NA::NA	434	0.001164275199282968	2	0.09172622631048587	0.1680860130873317	2	2	0.09172622631048587	0.1698308505934286	2.0		0.0		1	1.0
enhancers::chr2:188299000-188301200::NA::NA	713	0.0007080010027230023	2	0.09161112965795667	0.1680860130873317	2	2	0.09161112965795667	0.1698308505934286	2.0		0.0		1	1.0
enhancers::chr14:80847800-80848800::NA::NA	551	0.0009117851433667576	2	0.09086172929475349	0.1678898389044926	2	2	0.09086172929475349	0.16965092113076352	2.0		0.0		1	1.0
enhancers::chr19:15468200-15471800::NA::NA	1016	0.0004921917112042272	2	0.09018692379245835	0.1672215878651832	2	2	0.09018692379245835	0.16898181510586935	2.0		0.0		1	1.0
enhancers::chr2:239155400-239157200::NA::NA	1151	0.0004332592642099915	2	0.08977148189201167	0.1670312589907116	2	2	0.08977148189201167	0.16879567369836	2.0		0.0		1	1.0
enhancers::chr11:28070400-28072800::NA::NA	641	0.0007752196768530069	2	0.08921111376453164	0.16656900262328636	2	2	0.08921111376453164	0.16833475176770282	2.0		0.0		1	1.0
enhancers::chr3:254000-254600::NA::NA	401	0.0012370982569632559	2	0.08892214704433286	0.16656900262328636	2	2	0.08892214704433286	0.16833475176770282	2.0		0.0		1	1.0
enhancers::chr19:1976400-1981200::NA::NA	1285	0.0008125358566127736	3	0.08851642105601099	0.16643580578841502	3	3	0.08851642105601099	0.16821270051213477	2.0		0.0		1	1.0
enhancers::chr9:15350000-15352200::NA::NA	663	0.0007350175440709897	2	0.08632583025506504	0.1634680615468253	2	2	0.08632583025506504	0.16463569055787405	2.0		0.0		1	1.0
enhancers::chr4:189372800-189373600::NA::NA	314	0.0015476887095813188	2	0.08586158219711822	0.16324423391984583	2	2	0.08586158219711822	0.16441444348199521	2.0		0.0		1	1.0
enhancers::chr8:13357600-13358600::NA::NA	665	0.00073067458223348	2	0.08590192833609864	0.16324423391984583	2	2	0.08590192833609864	0.16441444348199521	2.0		0.0		1	1.0
enhancers::chr3:40018800-40020200::NA::NA	619	0.0007775884175243941	2	0.08453502673433849	0.16294269941074777	2	2	0.08453502673433849	0.16411918099494088	2.0		0.0		1	1.0
enhancers::chr8:48733800-48736600::NA::NA	836	0.0005780902109343803	2	0.08513298339999743	0.16294269941074777	2	2	0.08513298339999743	0.16411918099494088	2.0		0.0		1	1.0
enhancers::chr7:148131000-148132000::NA::NA	489	0.0009868897960130605	2	0.08489451617803216	0.16294269941074777	2	2	0.08489451617803216	0.16411918099494088	2.0		0.0		1	1.0
enhancers::chr1:186842600-186843400::NA::NA	555	0.0008634664001994865	2	0.08390334614500711	0.1628783224075589	2	2	0.08390334614500711	0.16406721527184764	2.0		0.0		1	1.0
enhancers::chr18:10320000-10321400::NA::NA	485	0.0009901090796170103	2	0.08418430146907539	0.1628783224075589	2	2	0.08418430146907539	0.16406721527184764	2.0		0.0		1	1.0
enhancers::chr6:74775800-74776600::NA::NA	512	0.0009324679089294758	2	0.08336415444556232	0.16246882654719078	2	2	0.08336415444556232	0.16366345027180249	2.0		0.0		1	1.0
enhancers::chr14:102810000-102812200::NA::NA	792	0.0005991674360088461	2	0.08253735899860508	0.16144670221705168	2	2	0.08253735899860508	0.1626381907942993	2.0		0.0		1	1.0
enhancers::chrX:22707600-22708800::NA::NA	482	0.0009837740143398763	2	0.08240071871841625	0.16144670221705168	2	2	0.08240071871841625	0.1626381907942993			0.0		1	1.0
enhancers::chr3:154928800-154930200::NA::NA	618	0.0008693859290257506	2	0.10164967837450695	0.17738031426327158	2	2	0.10164967837450695	0.17913077789086965	2.0		0.0		1	1.0
enhancers::chr7:93567200-93568800::NA::NA	532	0.0010100217681678824	2	0.10165547720166263	0.17738031426327158	2	2	0.10165547720166263	0.17913077789086965	2.0		0.0		1	1.0
enhancers::chr15:90490800-90493000::NA::NA	805	0.0006661541043890309	2	0.10134229407605766	0.17738031426327158	2	2	0.10134229407605766	0.17913077789086965	1.0		0.0		1	1.0
enhancers::chr4:157745800-157746400::NA::NA	600	0.0008926665448636435	2	0.10112060411377839	0.17738031426327158	2	2	0.10112060411377839	0.17913077789086965	2.0		0.0		1	1.0
enhancers::chr4:169447600-169450200::NA::NA	702	0.0008440556133766574	2	0.11939040936409444	0.1870479649974415	2	2	0.11939040936409444	0.18867919725032617	2.0		0.0		1	1.0
enhancers::chr8:109054800-109055600::NA::NA	639	0.0009148371445425722	2	0.11678866213033759	0.1870479649974415	2	2	0.11678866213033759	0.18867919725032617	1.0		0.0		1	1.0
enhancers::chr7:91408000-91408800::NA::NA	800	0.0007449382002986923	2	0.12052028853929854	0.1870479649974415	2	2	0.12052028853929854	0.18867919725032617	1.0		0.0		1	1.0
enhancers::chr18:36250200-36251000::NA::NA	604	0.0009727071796191153	2	0.11774205033367836	0.1870479649974415	2	2	0.11774205033367836	0.18867919725032617	1.0		0.0		1	1.0
enhancers::chr6:3592000-3595000::NA::NA	908	0.0006467230563785247	2	0.11766916188102015	0.1870479649974415	2	2	0.11766916188102015	0.18867919725032617	2.0		0.0		1	1.0
enhancers::chr9:23768800-23772000::NA::NA	1502	0.0012371221674265737	4	0.11811324664714108	0.1870479649974415	4	4	0.11811324664714108	0.18867919725032617	4.0		0.0		1	1.0
enhancers::chr1:171436800-171437800::NA::NA	780	0.0007423086666890913	2	0.11498544485033045	0.18663291048655462	2	2	0.11498544485033045	0.18835039125790323	2.0		0.0		1	1.0
enhancers::chr9:102162200-102163000::NA::NA	634	0.0009113372937852058	2	0.11458032314331734	0.18654235536137642	2	2	0.11458032314331734	0.1882642847954814	2.0		0.0		1	1.0
enhancers::chr1:101640400-101641800::NA::NA	712	0.0008077513732831239	2	0.11372273900275805	0.18571236277514616	2	2	0.11372273900275805	0.18743192168973086	2.0		0.0		1	1.0
enhancers::chr5:95872800-95875000::NA::NA	972	0.0005884265753697441	2	0.11271361853131959	0.18462905612185476	2	2	0.11271361853131959	0.18634387707654693	2.0		0.0		1	1.0
enhancers::chr9:81839000-81840400::NA::NA	688	0.000824002033404024	2	0.11107380969396544	0.18290049785900703	2	2	0.11107380969396544	0.18460453976452573	2.0		0.0		1	1.0
enhancers::chr2:220762000-220762800::NA::NA	610	0.0009306371937462383	2	0.11131584607523837	0.18290049785900703	2	2	0.11131584607523837	0.18460453976452573	2.0		0.0		1	1.0
enhancers::chr3:88738800-88740600::NA::NA	492	0.001149037830978956	2	0.11054092285617724	0.18275186626996484	2	2	0.11054092285617724	0.18446516501624577	2.0		0.0		1	1.0
enhancers::chr2:127294000-127295600::NA::NA	452	0.0012360832215264493	2	0.10841400090371756	0.17979216298939493	2	2	0.10841400090371756	0.18148299837800994	2.0		0.0		1	1.0
enhancers::chr16:52606600-52610400::NA::NA	995	0.000720682317981829	2	0.16172724397993832	0.21536745208301014	2	2	0.16172724397993832	0.21644698818367683	2.0		0.0		1	1.0
enhancers::chr2:228293000-228294200::NA::NA	872	0.0006363183484595974	2	0.10723093133752853	0.1788109377840859	2	2	0.10723093133752853	0.18049783342355843	2.0		0.0		1	1.0
enhancers::chr9:90062600-90063600::NA::NA	932	0.0005962076472108176	2	0.10748747383650109	0.1788109377840859	2	2	0.10748747383650109	0.18049783342355843	2.0		0.0		1	1.0
enhancers::chrX:78407400-78409800::NA::NA	541	0.001018367011002865	2	0.10595238015682995	0.1786904244905958	2	2	0.10595238015682995	0.18039223805717292			0.0		1	1.0
enhancers::chr8:134666200-134667400::NA::NA	739	0.0007436070291343787	2	0.10552410130160793	0.1786904244905958	2	2	0.10552410130160793	0.18039223805717292	2.0		0.0		1	1.0
enhancers::chr4:176693000-176694600::NA::NA	387	0.0014264322396740363	2	0.10627050680668279	0.1786904244905958	2	2	0.10627050680668279	0.18039223805717292	2.0		0.0		1	1.0
enhancers::chr10:61030600-61032600::NA::NA	717	0.0007703267079632566	2	0.10641115166293907	0.1786904244905958	2	2	0.10641115166293907	0.18039223805717292	2.0		0.0		1	1.0
enhancers::chr8:130798600-130799600::NA::NA	800	0.0006855587546188851	2	0.1051862063755892	0.1786904244905958	2	2	0.1051862063755892	0.18039223805717292	2.0		0.0		1	1.0
enhancers::chr7:137780800-137782400::NA::NA	740	0.0007442207924019154	2	0.10590427166084618	0.1786904244905958	2	2	0.10590427166084618	0.18039223805717292	2.0		0.0		1	1.0
enhancers::chr7:41817400-41818600::NA::NA	660	0.0008334208742741433	2	0.1056865594529257	0.1786904244905958	2	2	0.1056865594529257	0.18039223805717292	2.0		0.0		1	1.0
enhancers::chr7:90830600-90831400::NA::NA	654	0.0008331644347923833	2	0.10404956199204712	0.1786904244905958	2	2	0.10404956199204712	0.18039223805717292	2.0		0.0		1	1.0
enhancers::chr3:152848200-152849600::NA::NA	737	0.0007457949684998463	2	0.10556370023650395	0.1786904244905958	2	2	0.10556370023650395	0.18039223805717292	1.0		0.0		1	1.0
enhancers::chr5:9483200-9484600::NA::NA	560	0.0009688804722737587	2	0.10330829914775899	0.1785327888184573	2	2	0.10330829914775899	0.18028311027746177	2.0		0.0		1	1.0
enhancers::chr10:53442800-53443600::NA::NA	571	0.0009446904093584577	2	0.10231614415932831	0.1773922759126017	2	2	0.10231614415932831	0.17913711797075843	2.0		0.0		1	1.0
enhancers::chr16:66196400-66198400::NA::NA	546	0.000983302812628845	2	0.10151667521947305	0.17738031426327158	2	2	0.10151667521947305	0.17913077789086965	2.0		0.0		1	1.0
enhancers::chr8:91223200-91224200::NA::NA	524	0.001027402937866663	2	0.10197707205772354	0.17738031426327158	2	2	0.10197707205772354	0.17913077789086965	2.0		0.0		1	1.0
enhancers::chr20:8170400-8171600::NA::NA	875	0.0006335576291435784	2	0.10706971270963507	0.1788109377840859	2	2	0.10706971270963507	0.18049783342355843	2.0		0.0		1	1.0
enhancers::chr2:76235000-76237600::NA::NA	867	0.0008333538866266373	2	0.16362833563214577	0.2168176953537614	2	2	0.16362833563214577	0.21789908036799463	2.0		0.0		1	1.0
enhancers::chr7:41153400-41156800::NA::NA	1886	0.0007357771145403152	3	0.1634776309528859	0.2168176953537614	3	3	0.1634776309528859	0.21789908036799463	3.0		0.0		1	1.0
enhancers::chr21:29952400-29954000::NA::NA	957	0.000760188475148868	2	0.1653820542035157	0.21859905184326087	2	2	0.1653820542035157	0.21968660931511788	2.0		0.0		1	1.0
enhancers::chr7:36834000-36837200::NA::NA	1967	0.0006408101117294831	2	0.359140948023958	0.38279693861236247	2	2	0.359140948023958	0.38279693861236247	2.0		0.0		1	1.0
enhancers::chr13:38189400-38193400::NA::NA	1456	0.0008590679793612842	3	0.13163998017862352	0.19158068297598513	2	2	0.355690336205376	0.382170300872577	3.0		0.0		1	1.0
enhancers::chr8:141552400-141561400::NA::NA	1841	0.0006747432943451557	2	0.35259879819613765	0.3788486081222082	2	2	0.35259879819613765	0.379612415799874	2.0		0.0		1	1.0
enhancers::chr6:51359200-51361600::NA::NA	1410	0.0008661388672952836	2	0.34507580183898606	0.37151306085084385	2	2	0.34507580183898606	0.37226359228690614	2.0		0.0		1	1.0
enhancers::chr8:108328400-108333600::NA::NA	1130	0.0010789778555175755	2	0.34435967878528817	0.3714910474168563	2	2	0.34435967878528817	0.37224305358571635	2.0		0.0		1	1.0
enhancers::chr7:41045000-41047000::NA::NA	1642	0.0007292695556094338	2	0.3364807557966854	0.36372616112435224	2	2	0.3364807557966854	0.36446394238423935	2.0		0.0		1	1.0
enhancers::chr21:41108800-41110200::NA::NA	1113	0.0010743617150350863	2	0.33587941488063067	0.36372616112435224	2	2	0.33587941488063067	0.36446394238423935	2.0		0.0		1	1.0
enhancers::chr5:119781000-119783800::NA::NA	1204	0.0009918194328548374	2	0.33529237682674584	0.36372616112435224	2	2	0.33529237682674584	0.36446394238423935	2.0		0.0		1	1.0
enhancers::chr3:154781800-154783800::NA::NA	1264	0.0009347129649101563	2	0.33069864573246943	0.3596600342589382	2	2	0.33069864573246943	0.3603940343288544	2.0		0.0		1	1.0
enhancers::chr1:65806200-65810600::NA::NA	1503	0.0007673212121400331	2	0.32044782070306294	0.3492227270519094	2	2	0.32044782070306294	0.34993688395794603	2.0		0.0		1	1.0
enhancers::chr14:83321000-83322800::NA::NA	901	0.0012758706943841432	2	0.3191052725290152	0.34847078840591844	2	2	0.3191052725290152	0.3491848678903568	2.0		0.0		1	1.0
enhancers::chr6:10202000-10203000::NA::NA	1000	0.0011373322538776622	2	0.31464296335554254	0.34430193121282726	2	2	0.31464296335554254	0.3450089166978639	2.0		0.0		1	1.0
enhancers::chr8:108455400-108457400::NA::NA	1075	0.0010544810542325598	2	0.313266681966724	0.34349981143784525	2	2	0.313266681966724	0.34420660117331403	2.0		0.0		1	1.0
enhancers::chr14:29823600-29825400::NA::NA	1652	0.0011866040175938647	3	0.3125648109030719	0.3434354095107827	3	3	0.3125648109030719	0.3441435237571967	2.0		0.0		1	1.0
enhancers::chr13:81474400-81475600::NA::NA	1086	0.0010389010248871098	2	0.311323340089764	0.34277662599574016	2	2	0.311323340089764	0.34348484216515285	2.0		0.0		1	1.0
enhancers::chrX:78435800-78439000::NA::NA	1021	0.0010846011694546202	2	0.3036925297137678	0.33506572493213227	2	2	0.3036925297137678	0.3357594427891346			0.0		1	1.0
enhancers::chr8:130593800-130597400::NA::NA	2335	0.0008174779471740235	3	0.29864881167305507	0.33067272872135933	3	3	0.29864881167305507	0.33135877172700534	3.0		0.0		1	1.0
enhancers::chr7:86335600-86339000::NA::NA	1145	0.0009561781219100524	2	0.2990916254165104	0.33067272872135933	2	2	0.2990916254165104	0.33135877172700534	1.0		0.0		1	1.0
enhancers::chr4:177687600-177693200::NA::NA	1230	0.0008691643430961573	2	0.2896428201947089	0.3215577255384086	2	2	0.2896428201947089	0.32222763746661365	2.0		0.0		1	1.0
enhancers::chr11:104969600-104972200::NA::NA	1166	0.0009077005436625198	2	0.28571535529435577	0.3178583327649708	2	2	0.28571535529435577	0.3185219200985094	2.0		0.0		1	1.0
enhancers::chr2:79342000-79344800::NA::NA	1278	0.0014482277273111352	3	0.28299751974785087	0.3164809036850661	3	3	0.28299751974785087	0.3171429976258298	2.0		0.0		1	1.0
enhancers::chr1:58309600-58311800::NA::NA	1251	0.0008420453256142215	2	0.28388455592724093	0.3164809036850661	2	2	0.28388455592724093	0.3171429976258298	2.0		0.0		1	1.0
enhancers::chr18:66095200-66098200::NA::NA	1733	0.0010687381858440087	3	0.2833520276856196	0.3164809036850661	3	3	0.2833520276856196	0.3171429976258298	3.0		0.0		1	1.0
enhancers::chr2:162962400-162965000::NA::NA	1457	0.0007142536363632184	3	0.08786622441330096	0.16579704535937353	2	2	0.2792031579961538	0.3138831291998866	3.0		0.0		1	1.0
enhancers::chr22:33232600-33253200::NA::NA	1177	0.0008779068961102625	2	0.27649331332473565	0.31018367503237154	2	2	0.27649331332473565	0.31149246691014526	2.0		0.0		1	1.0
enhancers::chr9:81637000-81639200::NA::NA	918	0.0011113510854736449	2	0.27168334614569056	0.30542927756168164	2	2	0.27168334614569056	0.30672073328075844	2.0		0.0		1	1.0
enhancers::chr19:54126400-54128800::NA::NA	601	0.0016927097389910122	2	0.27061725337434056	0.3048726019027381	2	2	0.27061725337434056	0.30616443496164797	2.0		0.0		1	1.0
enhancers::chr3:98690400-98692000::NA::NA	1042	0.0009601296058401401	2	0.2644085730752293	0.2985077759453963	2	2	0.2644085730752293	0.2997753248878396	2.0		0.0		1	1.0
enhancers::chr5:150404600-150411000::NA::NA	1523	0.0006450951914365344	2	0.25779410127872787	0.2916568857687302	2	2	0.25779410127872787	0.292897978899661	2.0		0.0		1	1.0
enhancers::chr14:103805000-103808800::NA::NA	2942	0.0004273531644174575	2	0.35798664954856896	0.38279693861236247	2	2	0.35798664954856896	0.38279693861236247	2.0		0.0		1	1.0
enhancers::chr10:54245000-54249200::NA::NA	1707	0.0007381355680893116	2	0.35897527678116525	0.38279693861236247	2	2	0.35897527678116525	0.38279693861236247	2.0		0.0		1	1.0
enhancers::chr8:35575200-35577000::NA::NA	1343	0.0009372213919483112	2	0.35851638646670364	0.38279693861236247	2	2	0.35851638646670364	0.38279693861236247	1.0		0.0		1	1.0
enhancers::chr4:69328400-69332800::NA::NA	1809	0.0006979657623365988	2	0.35991081113641465	0.3828533329618435	2	2	0.35991081113641465	0.3828533329618435	2.0		0.0		1	1.0
enhancers::chr7:94037400-94055000::NA::NA	4583	0.0006700112494846773	2	0.8112589949020422	0.8127810568061736	2	2	0.8112589949020422	0.8143088407475386	2.0		0.0		1	1.0
enhancers::chr16:65632800-65634400::NA::NA	1600	0.0014923868612372372	2	0.6891246632176784	0.6924100472436633	2	2	0.6891246632176784	0.6937140209672861	2.0		0.0		1	1.0
enhancers::chr21:47408600-47418200::NA::NA	3884	0.000915981364324835	3	0.6898167511865709	0.6924100472436633	3	3	0.6898167511865709	0.6937140209672861	2.0		0.0		1	1.0
enhancers::chr8:11543000-11549600::NA::NA	3595	0.0006168742563740708	2	0.6498055148028319	0.6547097073673815	2	2	0.6498055148028319	0.6559473438652406	2.0		0.0		1	1.0
enhancers::chr14:30663000-30666600::NA::NA	2169	0.0009186033844992877	2	0.5920708352554219	0.5976669679137908	2	2	0.5920708352554219	0.598798912928779	2.0		0.0		1	1.0
enhancers::chr16:52557800-52563000::NA::NA	2323	0.0008029288783109643	2	0.5563815993918332	0.5627041175667404	2	2	0.5563815993918332	0.5637718673154439	1.0		0.0		1	1.0
enhancers::chr15:27694200-27695600::NA::NA	1081	0.0016997659960322573	2	0.5484204470132441	0.5557049690798337	2	2	0.5484204470132441	0.5567614424050805	2.0		0.0		1	1.0
enhancers::chr2:58859800-58862800::NA::NA	1988	0.0009156369818192429	2	0.5432825886557959	0.5515454417151997	2	2	0.5432825886557959	0.5525960044613238	2.0		0.0		1	1.0
enhancers::chr20:41788200-41791600::NA::NA	1611	0.0011255590481639086	2	0.5412369049898687	0.5505152519325521	2	2	0.5412369049898687	0.5515658535583776	2.0		0.0		1	1.0
enhancers::chr5:33308600-33314600::NA::NA	2763	0.0009248671380895296	3	0.4703842869836409	0.4802776467481152	3	3	0.4703842869836409	0.4802776467481152	3.0		0.0		1	1.0
enhancers::chr13:73612200-73615800::NA::NA	2114	0.0007458880363345351	2	0.46761472172648855	0.4783644854443389	2	2	0.46761472172648855	0.4783644854443389	2.0		0.0		1	1.0
enhancers::chr18:59066400-59068400::NA::NA	1528	0.0010023068743997988	2	0.45275807332006124	0.4640552997176827	2	2	0.45275807332006124	0.4640552997176827	2.0		0.0		1	1.0
enhancers::chr2:181985000-181988000::NA::NA	1806	0.0008199218276996491	2	0.43578729897105023	0.4475200339433477	2	2	0.43578729897105023	0.4475200339433477	2.0		0.0		1	1.0
enhancers::chr2:197047000-197051600::NA::NA	2164	0.0006718314177334607	2	0.42666099166715815	0.438992234200891	2	2	0.42666099166715815	0.438992234200891	2.0		0.0		1	1.0
enhancers::chr9:1994000-1996400::NA::NA	1244	0.0007877315535641479	2	0.25685831231378314	0.2912151566360089	2	2	0.25685831231378314	0.2924570123146273	2.0		0.0		1	1.0
enhancers::chr16:31196800-31202200::NA::NA	3416	0.0004245386415966738	2	0.4254114890767784	0.43855161229150513	2	2	0.4254114890767784	0.43855161229150513	2.0		0.0		1	1.0
enhancers::chr3:13880800-13884600::NA::NA	1706	0.0008220456671966095	2	0.4090560675931834	0.4233254652999224	2	2	0.4090560675931834	0.4233254652999224	2.0		0.0		1	1.0
enhancers::chrX:86881000-86885200::NA::NA	1163	0.0011984315134735092	2	0.4060982263746142	0.4210804910369786	2	2	0.4060982263746142	0.4210804910369786			0.0		1	1.0
enhancers::chr19:29090200-29093400::NA::NA	978	0.001405528250841828	2	0.3994607776201214	0.41500399853919223	2	2	0.3994607776201214	0.41500399853919223	1.0		0.0		1	1.0
enhancers::chr3:86997200-87001200::NA::NA	1492	0.000917919194006161	2	0.3976638397201123	0.4139424764338011	2	2	0.3976638397201123	0.4139424764338011			0.0		1	1.0
enhancers::chr21:18113400-18115000::NA::NA	1312	0.0010386134948913786	2	0.39527476840700276	0.41225923111199114	2	2	0.39527476840700276	0.41225923111199114	2.0		0.0		1	1.0
enhancers::chr8:64558800-64560800::NA::NA	946	0.0014035359807002578	2	0.3830555521105784	0.4002968000529332	2	2	0.3830555521105784	0.4002968000529332	2.0		0.0		1	1.0
enhancers::chr13:54757800-54760600::NA::NA	876	0.0015154600587633307	2	0.3829908587778765	0.4002968000529332	2	2	0.3829908587778765	0.4002968000529332	2.0		0.0		1	1.0
enhancers::chr4:69736400-69740600::NA::NA	2140	0.0006159081491580997	2	0.3795905757738688	0.3982345136802474	2	2	0.3795905757738688	0.3982345136802474	2.0		0.0		1	1.0
enhancers::chr9:81835200-81837600::NA::NA	1268	0.0010327332860944915	2	0.3765974941765455	0.3963785728264763	2	2	0.3765974941765455	0.3963785728264763	2.0		0.0		1	1.0
enhancers::chr5:33235200-33242600::NA::NA	1566	0.0008344667731641763	2	0.37562058968314893	0.3963785728264763	2	2	0.37562058968314893	0.3963785728264763	2.0		0.0		1	1.0
enhancers::chr6:87041000-87042000::NA::NA	978	0.0013403070898348548	2	0.3770792415652621	0.3963785728264763	2	2	0.3770792415652621	0.3963785728264763	1.0		0.0		1	1.0
enhancers::chr7:136830200-136833200::NA::NA	1648	0.0013248215422111101	3	0.37283912397088415	0.3942496875256478	3	3	0.37283912397088415	0.3942496875256478	2.0		0.0		1	1.0
enhancers::chr7:41950800-41952400::NA::NA	1243	0.0010353745461200575	2	0.3686065937102298	0.3905474623834578	2	2	0.3686065937102298	0.3905474623834578	2.0		0.0		1	1.0
enhancers::chr1:82011800-82015600::NA::NA	1539	0.0008318090893919376	2	0.36617130226796024	0.3887385197039578	2	2	0.36617130226796024	0.3887385197039578	2.0		0.0		1	1.0
enhancers::chr6:147212400-147215000::NA::NA	1684	0.0008508151670133903	2	0.41949076045469	0.43328446050832586	2	2	0.41949076045469	0.43328446050832586	2.0		0.0		1	1.0
enhancers::chr2:79317400-79319200::NA::NA	342	0.001372021199089786	2	0.08091387653082517	0.15943915154044516	2	2	0.08091387653082517	0.16062457274148936	2.0		0.0		1	1.0
enhancers::chr1:198581400-198588400::NA::NA	1157	0.0008452334819955914	2	0.25612112055953484	0.29099718803998215	2	2	0.25612112055953484	0.2922407657666487	2.0		0.0		1	1.0
enhancers::chr3:34097800-34099200::NA::NA	1121	0.0008656290210024742	2	0.2533377749353591	0.2890648970416277	2	2	0.2533377749353591	0.2903055189173428	1.0		0.0		1	1.0
enhancers::chr10:108841200-108842400::NA::NA	702	0.001192366019792888	2	0.20454458485799193	0.25162746043067363	2	2	0.20454458485799193	0.2527870339810454	2.0		0.0		1	1.0
enhancers::chrX:75674200-75675200::NA::NA	950	0.0008825806071746847	2	0.2050653146908248	0.25162746043067363	2	2	0.2050653146908248	0.2527870339810454			0.0		1	1.0
enhancers::chr4:189083800-189084400::NA::NA	463	0.0017972916530096452	2	0.20275186261195235	0.25141555514336744	2	2	0.20275186261195235	0.25258765563354635	1.0		0.0		1	1.0
enhancers::chr12:98453200-98454800::NA::NA	1043	0.0007982073119600842	2	0.20292154357077036	0.25141555514336744	2	2	0.20292154357077036	0.25258765563354635	2.0		0.0		1	1.0
enhancers::chr3:105104400-105108000::NA::NA	1134	0.0007338493377705088	2	0.20279850595919663	0.25141555514336744	2	2	0.20279850595919663	0.25258765563354635	2.0		0.0		1	1.0
enhancers::chr8:32181200-32182200::NA::NA	915	0.0009053867739213409	2	0.201433133087032	0.2513207781973717	2	2	0.201433133087032	0.2525006879541669	2.0		0.0		1	1.0
enhancers::chr12:103508400-103511000::NA::NA	873	0.0009410013764595796	2	0.19892371751735374	0.24877111277345879	2	2	0.19892371751735374	0.24994180036298094	2.0		0.0		1	1.0
enhancers::chr2:182709200-182711400::NA::NA	1130	0.00071416087671167	2	0.19370207495649314	0.2428096432553224	2	2	0.19370207495649314	0.2439549717612437	1.0		0.0		1	1.0
enhancers::chr17:4079200-4083000::NA::NA	1905	0.0004221029460655934	2	0.19266972407305694	0.24208384154120569	2	2	0.19266972407305694	0.2432284459929371	2.0		0.0		1	1.0
enhancers::chr7:112837200-112840200::NA::NA	1335	0.0011264912141637849	3	0.19205385364555633	0.24187914586492235	3	3	0.19205385364555633	0.24302549252778927	2.0		0.0		1	1.0
enhancers::chr7:38040200-38043000::NA::NA	811	0.0009873412477788594	2	0.19143621498428573	0.24167125012200608	2	2	0.19143621498428573	0.24281933207032916	2.0		0.0		1	1.0
enhancers::chr9:85497000-85498600::NA::NA	929	0.000859716369925546	2	0.19070105091551576	0.24131365210636352	2	2	0.19070105091551576	0.24246276473544146	2.0		0.0		1	1.0
enhancers::chr7:141838800-141840600::NA::NA	1214	0.0006542047880151651	2	0.18910197281718508	0.24001376453599746	2	2	0.18910197281718508	0.24115941496337692	2.0		0.0		1	1.0
enhancers::chr12:25981000-25983800::NA::NA	988	0.000804211377406741	2	0.18922433496190064	0.24001376453599746	2	2	0.18922433496190064	0.24115941496337692	2.0		0.0		1	1.0
enhancers::chr18:28976600-28982400::NA::NA	1426	0.0005560713462525029	2	0.1886580155295826	0.24001376453599746	2	2	0.1886580155295826	0.24115941496337692	2.0		0.0		1	1.0
enhancers::chr7:46525400-46527200::NA::NA	1045	0.0007533005353481359	2	0.18658519669978196	0.238532448357465	2	2	0.18658519669978196	0.23967923897456822	2.0		0.0		1	1.0
enhancers::chrX:22331800-22333800::NA::NA	944	0.0008342942589042517	2	0.18671641088655502	0.238532448357465	2	2	0.18671641088655502	0.23967923897456822			0.0		1	1.0
enhancers::chr3:155044800-155046400::NA::NA	1009	0.0007728865492491319	2	0.18395053636428285	0.23682792191867041	2	2	0.18395053636428285	0.2379720181598234	2.0		0.0		1	1.0
enhancers::chr8:33715000-33715800::NA::NA	575	0.001358443041791174	2	0.18437906889590963	0.23682792191867041	2	2	0.18437906889590963	0.2379720181598234	2.0		0.0		1	1.0
enhancers::chr8:109405600-109406600::NA::NA	926	0.0008438149796014384	2	0.18449516014637996	0.23682792191867041	2	2	0.18449516014637996	0.2379720181598234	2.0		0.0		1	1.0
enhancers::chr3:190953200-190958600::NA::NA	1026	0.000753629283766085	2	0.18158617945735364	0.23478697295454443	2	2	0.18158617945735364	0.23592948863802152	2.0		0.0		1	1.0
enhancers::chr22:45565000-45573400::NA::NA	1680	0.00045734583459774005	2	0.17985665847109047	0.2331151835523357	2	2	0.17985665847109047	0.23425233078917637	1.0		0.0		1	1.0
enhancers::chr7:25675800-25677000::NA::NA	907	0.0008432708018571213	2	0.17859566826077589	0.23204400693735847	2	2	0.17859566826077589	0.23317869645783454	2.0		0.0		1	1.0
enhancers::chr4:100074600-100080000::NA::NA	1267	0.0006029007311930605	2	0.17825992815892086	0.23204400693735847	2	2	0.17825992815892086	0.23317869645783454	2.0		0.0		1	1.0
enhancers::chr19:29679000-29680000::NA::NA	631	0.0012029709667483336	2	0.1765266590150508	0.23047734942307366	2	2	0.1765266590150508	0.23160991625070548	2.0		0.0		1	1.0
enhancers::chr19:42372200-42379400::NA::NA	799	0.0009318017064870114	2	0.17137304868882083	0.2242970784309567	2	2	0.17137304868882083	0.22540199014736534	1.0		0.0		1	1.0
enhancers::chr4:139408800-139410000::NA::NA	828	0.0008968980233570896	2	0.17071047920533963	0.2239788596944751	2	2	0.17071047920533963	0.2250849281374108	2.0		0.0		1	1.0
enhancers::chr11:88130600-88132200::NA::NA	859	0.0008599671518263922	2	0.16932736293928508	0.2227113591368922	2	2	0.16932736293928508	0.2238138906177679	2.0		0.0		1	1.0
enhancers::chr11:10818800-10825400::NA::NA	1802	0.0004056773157301458	2	0.1666408347229996	0.21971902652365874	2	2	0.1666408347229996	0.22080944352873894	2.0		0.0		1	1.0
enhancers::chr12:54261400-54263800::NA::NA	1223	0.0006847869186379674	2	0.20472403759463645	0.25162746043067363	2	2	0.20472403759463645	0.2527870339810454	2.0		0.0		1	1.0
enhancers::chr8:49352000-49354400::NA::NA	1052	0.0007938601016031502	2	0.20386760197322099	0.25162746043067363	2	2	0.20386760197322099	0.2527870339810454	2.0		0.0		1	1.0
enhancers::chr4:139183600-139185600::NA::NA	1052	0.0007980052933797426	2	0.20544863810444514	0.25162746043067363	2	2	0.20544863810444514	0.2527870339810454	1.0		0.0		1	1.0
enhancers::chr4:101261400-101262600::NA::NA	949	0.0008891344512946304	2	0.20700176480219798	0.25294952495280026	2	2	0.20700176480219798	0.25411251127442236	1.0		0.0		1	1.0
enhancers::chr16:4874600-4879600::NA::NA	2044	0.00047072005766304675	2	0.2503176471904663	0.2862304573869572	2	2	0.2503176471904663	0.28746155612840646	1.0		0.0		1	1.0
enhancers::chr22:35367800-35370000::NA::NA	1180	0.0008131695537530427	2	0.24935481510447763	0.2861617897831083	2	2	0.24935481510447763	0.28739524577355274	2.0		0.0		1	1.0
enhancers::chr5:152950400-152953600::NA::NA	1860	0.0009263247740753432	3	0.24881668115035468	0.2861617897831083	3	3	0.24881668115035468	0.28739524577355274	2.0		0.0		1	1.0
enhancers::chr11:26951600-26953200::NA::NA	1144	0.0008396314172593961	2	0.24972171168338664	0.2861617897831083	2	2	0.24972171168338664	0.28739524577355274	1.0		0.0		1	1.0
enhancers::chr1:242374000-242376000::NA::NA	769	0.001237959523741276	2	0.24657551828008978	0.2843873148198012	2	2	0.24657551828008978	0.28562109926587403	2.0		0.0		1	1.0
enhancers::chr1:247110600-247113400::NA::NA	1117	0.0008451505692775168	2	0.243654416709582	0.281626533599387	2	2	0.243654416709582	0.28285099678894954	2.0		0.0		1	1.0
enhancers::chr1:158788200-158790200::NA::NA	916	0.0010268401616173304	2	0.24238578116766724	0.28076791137426094	2	2	0.24238578116766724	0.2819913009663057	1.0		0.0		1	1.0
enhancers::chr4:82405800-82408200::NA::NA	1086	0.0008590074267455674	2	0.2395583714442325	0.27809602250265253	2	2	0.2395583714442325	0.2793104156140178	1.0		0.0		1	1.0
enhancers::chr7:42792800-42794200::NA::NA	977	0.000953589162588881	2	0.23910724853011225	0.27809602250265253	2	2	0.23910724853011225	0.2793104156140178	2.0		0.0		1	1.0
enhancers::chr2:126615800-126616800::NA::NA	666	0.0013956088412684464	2	0.23830074089383102	0.27784409527796017	2	2	0.23830074089383102	0.2790627097309337	2.0		0.0		1	1.0
enhancers::chr11:27955400-27956400::NA::NA	991	0.0009325071006958813	2	0.23633923478705954	0.2765376590504137	2	2	0.23633923478705954	0.2777532092000859	2.0		0.0		1	1.0
enhancers::chr4:46891200-46892600::NA::NA	877	0.001054731780719144	2	0.23666237862554132	0.2765376590504137	2	2	0.23666237862554132	0.2777532092000859	2.0		0.0		1	1.0
enhancers::chr4:85287200-85288600::NA::NA	966	0.0009493670036091824	2	0.23376165589903306	0.27434884450567837	2	2	0.23376165589903306	0.2755600976823039	2.0		0.0		1	1.0
enhancers::chr20:14501400-14503600::NA::NA	1205	0.0007559790373339565	2	0.23151611071281433	0.27231190114679044	2	2	0.23151611071281433	0.27351682106336916	2.0		0.0		1	1.0
enhancers::chr2:168682200-168685400::NA::NA	1109	0.0008778684891671385	2	0.2545098238375678	0.2897830403608981	2	2	0.2545098238375678	0.2910240812189748	2.0		0.0		1	1.0
enhancers::chr9:82010000-82011800::NA::NA	792	0.00114842798583787	2	0.2309966370335535	0.27230067147001674	2	2	0.2309966370335535	0.27350821325037156	1.0		0.0		1	1.0
enhancers::chr16:27471200-27475600::NA::NA	1098	0.0008154958354635514	2	0.22582453359189644	0.26738425928619225	2	2	0.22582453359189644	0.2685752804856853	1.0		0.0		1	1.0
enhancers::chr15:48972800-48976000::NA::NA	1526	0.0005820849677808038	2	0.22321346142469142	0.2648799742239672	2	2	0.22321346142469142	0.26606247410889555	2.0		0.0		1	1.0
enhancers::chr6:9936800-9937600::NA::NA	637	0.0013908412321089957	2	0.22235752372484097	0.2647381038965072	2	2	0.22235752372484097	0.26592261442848264	2.0		0.0		1	1.0
enhancers::chr9:81486000-81487200::NA::NA	831	0.0010669141013975331	2	0.22259814353844895	0.2647381038965072	2	2	0.22259814353844895	0.26592261442848264	1.0		0.0		1	1.0
enhancers::chr10:16886400-16888000::NA::NA	1113	0.0007896693183126895	2	0.21978987668152172	0.26256777214302596	2	2	0.21978987668152172	0.2637478520178261	2.0		0.0		1	1.0
enhancers::chr7:37751400-37754000::NA::NA	1013	0.0008592060600970731	2	0.21667722162910857	0.2594296779146726	2	2	0.21667722162910857	0.2605982800674414	2.0		0.0		1	1.0
enhancers::chr11:26966200-26969400::NA::NA	1993	0.0008011398449761664	3	0.2157399884242843	0.25888798610914115	3	3	0.2157399884242843	0.26005678062882126	2.0		0.0		1	1.0
enhancers::chr7:137222400-137224200::NA::NA	857	0.0010097966751804223	2	0.21485818647005714	0.258410521565339	2	2	0.21485818647005714	0.2595797999434627	2.0		0.0		1	1.0
enhancers::chr4:177559800-177561000::NA::NA	856	0.0010098680124013253	2	0.2145124807146025	0.258410521565339	2	2	0.2145124807146025	0.2595797999434627	2.0		0.0		1	1.0
enhancers::chr19:39325400-39337800::NA::NA	2996	0.00028723666471645767	2	0.21311541925533084	0.25747428480168927	2	2	0.21311541925533084	0.2586446224598788	2.0		0.0		1	1.0
enhancers::chr18:36552000-36553000::NA::NA	907	0.0009407678315689139	2	0.21044791299912463	0.2548280851281917	2	2	0.21044791299912463	0.25598903312421994	2.0		0.0		1	1.0
enhancers::chr12:31959400-31961400::NA::NA	1223	0.000695516646546081	2	0.20948759197392652	0.25424175935017446	2	2	0.20948759197392652	0.25540268062574606	1.0		0.0		1	1.0
enhancers::chr2:144017600-144021200::NA::NA	1210	0.0007007937423587316	2	0.20852215257059287	0.2536465363842747	2	2	0.20852215257059287	0.25480739009770387	2.0		0.0		1	1.0
enhancers::chr19:43378800-43381000::NA::NA	1053	0.0008032369061887584	2	0.20773763034158865	0.25326916575892316	2	2	0.20773763034158865	0.2544309509229549	1.0		0.0		1	1.0
enhancers::chr5:124125600-124128000::NA::NA	1421	0.0006398228519145328	2	0.2308707511123834	0.27230067147001674	2	2	0.2308707511123834	0.27350821325037156	1.0		0.0		1	1.0
enhancers::chr2:29819600-29820400::NA::NA	534	0.0008759073776560366	2	0.08051365441934664	0.15923811651826336	2	2	0.08051365441934664	0.16061033730547494	2.0		0.0		1	1.0
enhancers::chr7:93965000-93966400::NA::NA	671	0.0006948979604422059	2	0.08010090215617376	0.15901071283047133	2	2	0.08010090215617376	0.16061033730547494	2.0		0.0		1	1.0
enhancers::chr15:48131400-48132000::NA::NA	548	0.0008540941133011778	3	0.012035656939865224	0.1150747998713941	2	2	0.08060593707465784	0.16061033730547494	3.0		0.0		1	1.0
enhancers::chr22:29722000-29728800::NA::NA	1070	0.0005031964712311104	4	0.002275879740439703	0.1150747998713941	3	3	0.017437940516477336	0.11933682949626054	3.0		0.0		1	1.0
enhancers::chr22:34073600-34075000::NA::NA	207	0.0011626451884277735	2	0.02462397301892387	0.1150747998713941	2	2	0.02462397301892387	0.11933682949626054	2.0		0.0		1	1.0
enhancers::chr22:36707400-36708800::NA::NA	348	0.0002119229165291801	2	0.002582665206277126	0.1150747998713941	2	2	0.002582665206277126	0.11933682949626054	1.0		0.0		1	1.0
enhancers::chr22:42558400-42560000::NA::NA	488	0.00046755315083092994	2	0.0223567468367479	0.1150747998713941	2	2	0.0223567468367479	0.11933682949626054	1.0		0.0		1	1.0
enhancers::chr2:106308200-106308800::NA::NA	275	0.0008797133189269225	2	0.02488184395611535	0.1150747998713941	2	2	0.02488184395611535	0.11933682949626054	2.0		0.0		1	1.0
enhancers::chr2:151428600-151429800::NA::NA	1008	0.0010598973060465342	4	0.023398744495811055	0.1150747998713941	4	4	0.023398744495811055	0.11933682949626054	4.0		0.0		1	1.0
enhancers::chr2:1679000-1680200::NA::NA	412	0.001305061858951641	4	0.0022498671429354604	0.1150747998713941	4	4	0.0022498671429354604	0.11933682949626054	4.0		0.0		1	1.0
enhancers::chr2:170526800-170528000::NA::NA	344	0.0005307855226604236	2	0.014739856999498738	0.1150747998713941	2	2	0.014739856999498738	0.11933682949626054	2.0		0.0		1	1.0
enhancers::chr2:197950600-197952200::NA::NA	244	0.0005536786132081025	2	0.008315673111826736	0.1150747998713941	2	2	0.008315673111826736	0.11933682949626054	1.0		0.0		1	1.0
enhancers::chr2:203208600-203209200::NA::NA	395	0.0004723191254250361	2	0.0153532826182012	0.1150747998713941	2	2	0.0153532826182012	0.11933682949626054	2.0		0.0		1	1.0
enhancers::chr2:214991800-214994200::NA::NA	702	0.0009382948469072615	3	0.02923781643531193	0.1150747998713941	3	3	0.02923781643531193	0.11933682949626054	3.0		0.0		1	1.0
enhancers::chr2:50950000-50951200::NA::NA	479	0.0011554806342070256	3	0.018695152048739897	0.1150747998713941	3	3	0.018695152048739897	0.11933682949626054	3.0		0.0		1	1.0
enhancers::chr18:26434800-26435800::NA::NA	516	0.001059943390582566	3	0.018130701101888448	0.1150747998713941	3	3	0.018130701101888448	0.11933682949626054	2.0		0.0		1	1.0
enhancers::chr2:54918800-54919400::NA::NA	278	0.0005638023913623877	2	0.011040268330501535	0.1150747998713941	2	2	0.011040268330501535	0.11933682949626054	2.0		0.0		1	1.0
enhancers::chr2:57634800-57635800::NA::NA	632	0.0010323640292326777	3	0.028536478336354205	0.1150747998713941	3	3	0.028536478336354205	0.11933682949626054	3.0		0.0		1	1.0
enhancers::chrX:8636800-8637600::NA::NA	235	0.0010054621980637977	2	0.023812250155182617	0.1150747998713941	2	2	0.023812250155182617	0.11933682949626054			0.0		1	1.0
enhancers::chr2:61856600-61857400::NA::NA	248	0.0006393543673292297	2	0.01128117004209935	0.1150747998713941	2	2	0.01128117004209935	0.11933682949626054	2.0		0.0		1	1.0
enhancers::chr2:6465400-6466400::NA::NA	714	0.0012910599550457955	4	0.014494337468579631	0.1150747998713941	4	4	0.014494337468579631	0.11933682949626054	3.0		0.0		1	1.0
enhancers::chr2:74738200-74739000::NA::NA	330	0.0004912264057420671	2	0.011773363873716514	0.1150747998713941	2	2	0.011773363873716514	0.11933682949626054	2.0		0.0		1	1.0
enhancers::chr20:16581800-16582600::NA::NA	394	0.0009161429484129972	3	0.005960194833996764	0.1150747998713941	3	3	0.005960194833996764	0.11933682949626054	3.0		0.0		1	1.0
enhancers::chr1:60417000-60418400::NA::NA	311	0.0007985398288576457	2	0.02611956194947458	0.1150747998713941	2	2	0.02611956194947458	0.11933682949626054	2.0		0.0		1	1.0
enhancers::chr1:53810600-53811800::NA::NA	269	0.0006066883500608162	2	0.011917826495771168	0.1150747998713941	2	2	0.011917826495771168	0.11933682949626054	2.0		0.0		1	1.0
enhancers::chr1:37948200-37950000::NA::NA	368	0.0003655457899944957	2	0.0082574005529302	0.1150747998713941	2	2	0.0082574005529302	0.11933682949626054	1.0		0.0		1	1.0
enhancers::chr8:75733800-75734600::NA::NA	602	0.001029179680195583	3	0.025018839629644234	0.1150747998713941	3	3	0.025018839629644234	0.11933682949626054	2.0		0.0		1	1.0
enhancers::chr16:70190600-70191800::NA::NA	884	0.00029626757778114364	2	0.028834992097595588	0.1150747998713941	2	2	0.028834992097595588	0.11933682949626054			0.0		1	1.0
enhancers::chr17:59483600-59486600::NA::NA	354	0.0005403153691744848	2	0.016084435424147617	0.1150747998713941	2	2	0.016084435424147617	0.11933682949626054	1.0		0.0		1	1.0
enhancers::chr18:10352000-10354800::NA::NA	221	0.0007608310035773715	2	0.012602110146218462	0.1150747998713941	2	2	0.012602110146218462	0.11933682949626054	2.0		0.0		1	1.0
enhancers::chr8:75007200-75007800::NA::NA	380	0.0006742412013101068	2	0.027669878180425874	0.1150747998713941	2	2	0.027669878180425874	0.11933682949626054	2.0		0.0		1	1.0
enhancers::chr12:91618600-91619800::NA::NA	449	0.0009485488840982505	3	0.0093433781011569	0.1150747998713941	3	3	0.0093433781011569	0.11933682949626054	3.0		0.0		1	1.0
enhancers::chr21:33750000-33751600::NA::NA	365	0.00048262873419944015	2	0.013779416691183497	0.1150747998713941	2	2	0.013779416691183497	0.11933682949626054	2.0		0.0		1	1.0
enhancers::chr10:101453600-101455200::NA::NA	445	0.0004466537823287129	2	0.017291534853599095	0.1150747998713941	2	2	0.017291534853599095	0.11933682949626054	2.0		0.0		1	1.0
enhancers::chr9:74743000-74747800::NA::NA	2123	0.000537840016813182	7	0.0001851556927177673	0.04943656995564386	4	5	0.0063151755314890595	0.11933682949626054	7.0		0.0		1	1.0
enhancers::chr2:215887000-215887800::NA::NA	354	0.0007544707226921953	2	0.029852521931102126	0.1150747998713941	2	2	0.029852521931102126	0.11933682949626054	2.0		0.0		1	1.0
enhancers::chr1:219334400-219335200::NA::NA	735	0.0007358384310580248	3	0.01762882256458707	0.1150747998713941	3	3	0.01762882256458707	0.11933682949626054	3.0		0.0		1	1.0
enhancers::chr1:112095600-112097800::NA::NA	300	0.0005852241410526115	2	0.013685881202224718	0.1150747998713941	2	2	0.013685881202224718	0.11933682949626054	2.0		0.0		1	1.0
enhancers::chr1:171757200-171758600::NA::NA	501	0.00045047637346638813	2	0.021910080524050836	0.1150747998713941	2	2	0.021910080524050836	0.11933682949626054	2.0		0.0		1	1.0
enhancers::chr1:168832200-168833800::NA::NA	658	0.0006998677366314447	3	0.011534310449301515	0.1150747998713941	3	3	0.011534310449301515	0.11933682949626054	3.0		0.0		1	1.0
enhancers::chr1:159441000-159445000::NA::NA	744	0.0008827020952788219	3	0.029023391610883603	0.1150747998713941	3	3	0.029023391610883603	0.11933682949626054	3.0		0.0		1	1.0
enhancers::chr3:118220000-118221200::NA::NA	284	0.0008948039024852168	2	0.02724112577497041	0.1150747998713941	2	2	0.02724112577497041	0.11933682949626054	1.0		0.0		1	1.0
enhancers::chr1:29432200-29432800::NA::NA	308	0.00042549789406398614	2	0.007851565493507583	0.1150747998713941	2	2	0.007851565493507583	0.11933682949626054	2.0		0.0		1	1.0
enhancers::chr1:108066000-108068000::NA::NA	288	0.0009326968739356466	2	0.030153336345621267	0.1150747998713941	2	2	0.030153336345621267	0.11933682949626054	2.0		0.0		1	1.0
enhancers::chr1:101586800-101589000::NA::NA	319	0.0007753021922649362	2	0.0259231878532844	0.1150747998713941	2	2	0.0259231878532844	0.11933682949626054	2.0		0.0		1	1.0
enhancers::chr1:27220400-27221600::NA::NA	457	0.00038333828952120746	2	0.01364202128712449	0.1150747998713941	2	2	0.01364202128712449	0.11933682949626054	1.0		0.0		1	1.0
enhancers::chr8:101420800-101424400::NA::NA	904	0.0005692522474443965	3	0.015485726377729762	0.1150747998713941	3	3	0.015485726377729762	0.11933682949626054	3.0		0.0		1	1.0
enhancers::chr1:156101600-156110200::NA::NA	2085	0.0002865588781725176	3	0.022846875968033094	0.1150747998713941	3	3	0.022846875968033094	0.11933682949626054	3.0		0.0		1	1.0
enhancers::chr19:30800600-30802200::NA::NA	692	0.0013301439809523393	4	0.01442202711712445	0.1150747998713941	4	4	0.01442202711712445	0.11933682949626054	4.0		0.0		1	1.0
enhancers::chr8:71053400-71057000::NA::NA	642	0.0005839453242273158	3	0.006624122187262237	0.1150747998713941	3	3	0.006624122187262237	0.11933682949626054	3.0		0.0		1	1.0
enhancers::chr9:129215600-129216800::NA::NA	266	0.0008125993345060521	2	0.020196715971409512	0.1150747998713941	2	2	0.020196715971409512	0.11933682949626054	2.0		0.0		1	1.0
enhancers::chr8:70359800-70362400::NA::NA	694	0.0008949603215126159	3	0.025187231936059023	0.1150747998713941	3	3	0.025187231936059023	0.11933682949626054	3.0		0.0		1	1.0
enhancers::chr8:59666000-59667000::NA::NA	393	0.0006703505845819373	2	0.029119552311508503	0.1150747998713941	2	2	0.029119552311508503	0.11933682949626054	2.0		0.0		1	1.0
enhancers::chr8:55984200-55985200::NA::NA	830	0.0011994746428903359	4	0.018644306649053047	0.1150747998713941	4	4	0.018644306649053047	0.11933682949626054	4.0		0.0		1	1.0
enhancers::chr8:32290200-32291000::NA::NA	586	0.0009051000811534037	4	0.0021492203887698053	0.1150747998713941	4	4	0.0021492203887698053	0.11933682949626054	4.0		0.0		1	1.0
enhancers::chr8:12944800-12945800::NA::NA	381	0.0006863188993751539	2	0.028722770031476875	0.1150747998713941	2	2	0.028722770031476875	0.11933682949626054	2.0		0.0		1	1.0
enhancers::chr3:128976400-128979400::NA::NA	328	0.0005763339435872159	2	0.015731120769066787	0.1150747998713941	2	2	0.015731120769066787	0.11933682949626054	2.0		0.0		1	1.0
enhancers::chr8:117255600-117256400::NA::NA	576	0.0010189135520234807	3	0.02177143864607098	0.1150747998713941	3	3	0.02177143864607098	0.11933682949626054	3.0		0.0		1	1.0
enhancers::chr7:86377000-86378200::NA::NA	428	0.0010198596174161565	3	0.009978881202169493	0.1150747998713941	3	3	0.009978881202169493	0.11933682949626054	3.0		0.0		1	1.0
enhancers::chr7:26949600-26950400::NA::NA	370	0.0006984007230116896	2	0.028104897850792343	0.1150747998713941	2	2	0.028104897850792343	0.11933682949626054	1.0		0.0		1	1.0
enhancers::chr7:130987400-130988200::NA::NA	294	0.0006030092156044998	2	0.013938579179089649	0.1150747998713941	2	2	0.013938579179089649	0.11933682949626054	2.0		0.0		1	1.0
enhancers::chr3:197339200-197340800::NA::NA	440	0.00045676393786780794	2	0.017653230553015733	0.1150747998713941	2	2	0.017653230553015733	0.11933682949626054	2.0		0.0		1	1.0
enhancers::chr3:148538000-148539200::NA::NA	954	0.0009127304410078099	4	0.012017768200345348	0.1150747998713941	4	4	0.012017768200345348	0.11933682949626054	3.0		0.0		1	1.0
enhancers::chr19:47873000-47874400::NA::NA	369	0.0003932184193186482	2	0.009540613977452393	0.1150747998713941	2	2	0.009540613977452393	0.11933682949626054	1.0		0.0		1	1.0
enhancers::chr2:80009600-80011000::NA::NA	729	0.0013177650511690365	4	0.01659383386681101	0.1150747998713941	4	4	0.01659383386681101	0.11933682949626054	3.0		0.0		1	1.0
enhancers::chr18:7629000-7634200::NA::NA	332	0.0007450046534505866	2	0.025929283389267626	0.1150747998713941	2	2	0.025929283389267626	0.11933682949626054	2.0		0.0		1	1.0
enhancers::chr8:70048400-70049000::NA::NA	244	0.001033945000180795	2	0.02686907960007261	0.1150747998713941	2	2	0.02686907960007261	0.11933682949626054	2.0		0.0		1	1.0
enhancers::chr1:192732200-192733400::NA::NA	583	0.0006773220427585205	3	0.00762595613462737	0.1150747998713941	3	3	0.00762595613462737	0.11933682949626054	3.0		0.0		1	1.0
enhancers::chr14:32926200-32928200::NA::NA	244	0.0007393841536250148	2	0.014397126102448872	0.1150747998713941	2	2	0.014397126102448872	0.11933682949626054	2.0		0.0		1	1.0
enhancers::chr11:27085400-27086400::NA::NA	299	0.0007936813502675341	2	0.024019196212749033	0.1150747998713941	2	2	0.024019196212749033	0.11933682949626054	1.0		0.0		1	1.0
enhancers::chr9:77796600-77797200::NA::NA	435	0.0005221274142331054	2	0.02216435333740089	0.1150747998713941	2	2	0.02216435333740089	0.11933682949626054	2.0		0.0		1	1.0
enhancers::chr9:81327400-81329200::NA::NA	615	0.0008861728250889316	3	0.017974835127229163	0.1150747998713941	3	3	0.017974835127229163	0.11933682949626054	3.0		0.0		1	1.0
enhancers::chr9:88936400-88940400::NA::NA	963	0.0004559710370830904	4	0.0010877160175479983	0.1150747998713941	4	4	0.0010877160175479983	0.11933682949626054	4.0		0.0		1	1.0
enhancers::chr9:94808400-94809600::NA::NA	216	0.00046738520035995217	2	0.004746455983395474	0.1150747998713941	2	2	0.004746455983395474	0.11933682949626054	2.0		0.0		1	1.0
enhancers::chrX:53500000-53502200::NA::NA	501	0.0006384434931382402	3	0.004279323633021585	0.1150747998713941	3	3	0.004279323633021585	0.11933682949626054			0.0		1	1.0
enhancers::chrX:78413600-78417000::NA::NA	204	0.0008918204294475283	2	0.014617412734574259	0.1150747998713941	2	2	0.014617412734574259	0.11933682949626054			0.0		1	1.0
enhancers::chr15:28311400-28312000::NA::NA	410	0.0009127482461059735	3	0.006579179302693426	0.1150747998713941	3	3	0.006579179302693426	0.11933682949626054	3.0		0.0		1	1.0
enhancers::chr6:43745000-43750600::NA::NA	595	0.0004103622228477246	2	0.02534335549448591	0.1150747998713941	2	2	0.02534335549448591	0.11933682949626054	2.0		0.0		1	1.0
enhancers::chr5:9396200-9397000::NA::NA	277	0.0011279907408506473	3	0.003995429717447845	0.1150747998713941	3	3	0.003995429717447845	0.11933682949626054	3.0		0.0		1	1.0
enhancers::chr3:43254400-43261000::NA::NA	1374	0.0004615027498097291	3	0.026584684307415094	0.1150747998713941	3	3	0.026584684307415094	0.11933682949626054	2.0		0.0		1	1.0
enhancers::chr3:57612800-57614200::NA::NA	595	0.000292968043921228	2	0.013519960025438444	0.1150747998713941	2	2	0.013519960025438444	0.11933682949626054	2.0		0.0		1	1.0
enhancers::chr3:68808400-68810200::NA::NA	874	0.0008736528929054986	4	0.007718417264052934	0.1150747998713941	4	4	0.007718417264052934	0.11933682949626054	4.0		0.0		1	1.0
enhancers::chr4:139142200-139149200::NA::NA	358	0.0007366381221845583	3	0.0024944502181544737	0.1150747998713941	3	3	0.0024944502181544737	0.11933682949626054	2.0		0.0		1	1.0
enhancers::chr4:40463200-40465600::NA::NA	345	0.0005684907277197647	2	0.016857343748207725	0.1150747998713941	2	2	0.016857343748207725	0.11933682949626054	1.0		0.0		1	1.0
enhancers::chr5:44048200-44049000::NA::NA	331	0.0007483141328501211	2	0.025996729315669955	0.1150747998713941	2	2	0.025996729315669955	0.11933682949626054	1.0		0.0		1	1.0
enhancers::chr4:55566200-55567800::NA::NA	621	0.0008382629292746414	3	0.015944803689641802	0.1150747998713941	3	3	0.015944803689641802	0.11933682949626054	2.0		0.0		1	1.0
enhancers::chr4:68749200-68751400::NA::NA	263	0.0009782288794884084	2	0.02785832012050476	0.1150747998713941	2	2	0.02785832012050476	0.11933682949626054	1.0		0.0		1	1.0
enhancers::chr4:74584000-74585200::NA::NA	328	0.0006243263699639767	2	0.018271644887946657	0.1150747998713941	2	2	0.018271644887946657	0.11933682949626054	2.0		0.0		1	1.0
enhancers::chr4:79626200-79628800::NA::NA	481	0.0005525355379967242	2	0.02959974751339619	0.1150747998713941	2	2	0.02959974751339619	0.11933682949626054	2.0		0.0		1	1.0
enhancers::chr4:87401600-87403400::NA::NA	549	0.0007236099819763725	3	0.007749545985212726	0.1150747998713941	3	3	0.007749545985212726	0.11933682949626054	3.0		0.0		1	1.0
enhancers::chr4:90919400-90921000::NA::NA	662	0.0008490755254979871	3	0.01948080402456451	0.1150747998713941	3	3	0.01948080402456451	0.11933682949626054	2.0		0.0		1	1.0
enhancers::chr4:95524400-95525000::NA::NA	302	0.0005649286102594502	2	0.012965833282211672	0.1150747998713941	2	2	0.012965833282211672	0.11933682949626054	2.0		0.0		1	1.0
enhancers::chr5:112770600-112772000::NA::NA	435	0.0006034742221964525	2	0.02893527893730256	0.1150747998713941	2	2	0.02893527893730256	0.11933682949626054	2.0		0.0		1	1.0
enhancers::chr5:127588200-127589200::NA::NA	224	0.0007785601601879153	2	0.01350248428094507	0.1150747998713941	2	2	0.01350248428094507	0.11933682949626054	2.0		0.0		1	1.0
enhancers::chr5:143053600-143054200::NA::NA	585	0.00045783789098422943	2	0.030028787091278254	0.1150747998713941	2	2	0.030028787091278254	0.11933682949626054	2.0		0.0		1	1.0
enhancers::chr5:179263200-179265400::NA::NA	643	0.0003469700201000495	2	0.02145362467347776	0.1150747998713941	2	2	0.02145362467347776	0.11933682949626054	2.0		0.0		1	1.0
enhancers::chr5:37576600-37577200::NA::NA	263	0.0007963611761282738	2	0.01904481831808713	0.1150747998713941	2	2	0.01904481831808713	0.11933682949626054	2.0		0.0		1	1.0
enhancers::chr5:41156400-41157800::NA::NA	232	0.0007142245416187997	2	0.012260083436439346	0.1150747998713941	2	2	0.012260083436439346	0.11933682949626054	2.0		0.0		1	1.0
enhancers::chr5:41182000-41184000::NA::NA	545	0.0007905910648264024	3	0.009647536795594238	0.1150747998713941	3	3	0.009647536795594238	0.11933682949626054	3.0		0.0		1	1.0
enhancers::chr9:19199000-19203400::NA::NA	424	0.0005349697204822173	2	0.022109525657216373	0.1150747998713941	2	2	0.022109525657216373	0.11933682949626054	1.0		0.0		1	1.0
enhancers::chr4:145485400-145486000::NA::NA	600	0.0008966870048623281	3	0.017379144392680755	0.1150747998713941	3	3	0.017379144392680755	0.11933682949626054	1.0		0.0		1	1.0
enhancers::chr5:89774800-89776400::NA::NA	273	0.0006388189358736212	2	0.013510964047281878	0.1150747998713941	2	2	0.013510964047281878	0.11933682949626054	2.0		0.0		1	1.0
enhancers::chr5:92532000-92534200::NA::NA	761	0.0008505794141923107	3	0.027981257377197737	0.1150747998713941	3	3	0.027981257377197737	0.11933682949626054	3.0		0.0		1	1.0
enhancers::chr14:54317400-54318400::NA::NA	574	0.00042735007586951505	2	0.0255592326679423	0.1150747998713941	2	2	0.0255592326679423	0.11933682949626054	2.0		0.0		1	1.0
enhancers::chr12:23963200-23964200::NA::NA	804	0.0008538669827153071	4	0.005352114236242221	0.1150747998713941	4	4	0.005352114236242221	0.11933682949626054	4.0		0.0		1	1.0
enhancers::chr14:29300200-29301000::NA::NA	618	0.0017999074823949128	4	0.026534763349197438	0.1150747998713941	4	4	0.026534763349197438	0.11933682949626054	4.0		0.0		1	1.0
enhancers::chr10:60751600-60757000::NA::NA	445	0.0005601105799404215	2	0.02631213241686021	0.1150747998713941	2	2	0.02631213241686021	0.11933682949626054	2.0		0.0		1	1.0
enhancers::chr12:131346400-131348200::NA::NA	285	0.0007165480226071873	2	0.01817176964363803	0.1150747998713941	2	2	0.01817176964363803	0.11933682949626054	1.0		0.0		1	1.0
enhancers::chr9:133436000-133436800::NA::NA	273	0.0005644318611078207	2	0.010688402837856579	0.1150747998713941	2	2	0.010688402837856579	0.11933682949626054	2.0		0.0		1	1.0
enhancers::chr12:128170400-128171200::NA::NA	437	0.001706868668501533	5	0.0010224543584847427	0.1150747998713941	5	5	0.0010224543584847427	0.11933682949626054	3.0		0.0		1	1.0
enhancers::chr10:5544400-5547400::NA::NA	611	0.00040773168043291866	2	0.026298957083708673	0.1150747998713941	2	2	0.026298957083708673	0.11933682949626054	2.0		0.0		1	1.0
enhancers::chr14:38658200-38659600::NA::NA	344	0.0008590381077292317	3	0.0034279051050099436	0.1150747998713941	3	3	0.0034279051050099436	0.11933682949626054	3.0		0.0		1	1.0
enhancers::chr10:65661400-65662200::NA::NA	461	0.0007654705682233473	3	0.005606594013991701	0.1150747998713941	3	3	0.005606594013991701	0.11933682949626054	3.0		0.0		1	1.0
enhancers::chr2:58960000-58962400::NA::NA	294	0.0008333840656737005	2	0.02547531283992063	0.1150747998713941	2	2	0.02547531283992063	0.11933682949626054	2.0		0.0		1	1.0
enhancers::chr15:23813800-23816400::NA::NA	242	0.0011035573576238854	2	0.029821852984373832	0.1150747998713941	2	2	0.029821852984373832	0.11933682949626054	2.0		0.0		1	1.0
enhancers::chr10:867200-869600::NA::NA	719	0.00028119615966294486	2	0.01786308874678038	0.1150747998713941	2	2	0.01786308874678038	0.11933682949626054	2.0		0.0		1	1.0
enhancers::chr12:49905600-49906800::NA::NA	474	0.0005352752282064454	2	0.02718807786709805	0.1150747998713941	2	2	0.02718807786709805	0.11933682949626054	1.0		0.0		1	1.0
enhancers::chr13:50515600-50516200::NA::NA	270	0.0005342469676954785	2	0.009426632296768076	0.1150747998713941	2	2	0.009426632296768076	0.11933682949626054	2.0		0.0		1	1.0
enhancers::chr13:23466600-23467800::NA::NA	627	0.0009654884016838622	4	0.0034418211394648575	0.1150747998713941	4	4	0.0034418211394648575	0.11933682949626054	4.0		0.0		1	1.0
enhancers::chr12:62608200-62610200::NA::NA	762	0.0008124978397130699	3	0.024988625334638845	0.1150747998713941	3	3	0.024988625334638845	0.11933682949626054	3.0		0.0		1	1.0
enhancers::chr11:10136000-10137000::NA::NA	290	0.0005301723079647381	2	0.010645505389053008	0.1150747998713941	2	2	0.010645505389053008	0.11933682949626054	2.0		0.0		1	1.0
enhancers::chr11:107125400-107126200::NA::NA	556	0.0009700342628460481	3	0.017486779747653107	0.1150747998713941	3	3	0.017486779747653107	0.11933682949626054	3.0		0.0		1	1.0
enhancers::chr12:68673000-68673600::NA::NA	221	0.0005872917493031346	2	0.0076992245208366405	0.1150747998713941	2	2	0.0076992245208366405	0.11933682949626054	1.0		0.0		1	1.0
enhancers::chr11:19859800-19861200::NA::NA	262	0.00046482051497873084	2	0.006818092492697598	0.1150747998713941	2	2	0.006818092492697598	0.11933682949626054	2.0		0.0		1	1.0
enhancers::chr11:84620600-84621200::NA::NA	219	0.0011428224022507693	2	0.026469585325588806	0.1150747998713941	2	2	0.026469585325588806	0.11933682949626054	2.0		0.0		1	1.0
enhancers::chr12:112324800-112326600::NA::NA	606	0.0003514266049694958	2	0.01967668569847348	0.1150747998713941	2	2	0.01967668569847348	0.11933682949626054	2.0		0.0		1	1.0
enhancers::chr12:115371200-115372600::NA::NA	695	0.0007362692181899195	3	0.0152478622403938	0.1150747998713941	3	3	0.0152478622403938	0.11933682949626054	3.0		0.0		1	1.0
enhancers::chr10:101967800-101968400::NA::NA	283	0.0006090799830737896	2	0.013217391446371653	0.1150747998713941	2	2	0.013217391446371653	0.11933682949626054	2.0		0.0		1	1.0
enhancers::chr11:96129800-96130600::NA::NA	434	0.0006188479731325828	2	0.030169423187256877	0.1150747998713941	2	2	0.030169423187256877	0.11933682949626054	2.0		0.0		1	1.0
enhancers::chr12:105688600-105689800::NA::NA	355	0.00048771113104072725	2	0.013336206318664222	0.1150747998713941	2	2	0.013336206318664222	0.11933682949626054	2.0		0.0		1	1.0
enhancers::chr10:36015400-36017400::NA::NA	549	0.0008380356564787296	3	0.011498401308142435	0.1150747998713941	3	3	0.011498401308142435	0.11933682949626054	2.0		0.0		1	1.0
enhancers::chr12:103917600-103918600::NA::NA	302	0.0006912820358458985	2	0.018937315434447054	0.1150747998713941	2	2	0.018937315434447054	0.11933682949626054	2.0		0.0		1	1.0
enhancers::chr6:123383600-123385400::NA::NA	227	0.0008707229262381812	2	0.017084044812426435	0.1150747998713941	2	2	0.017084044812426435	0.11933682949626054	2.0		0.0		1	1.0
enhancers::chr10:92704600-92708600::NA::NA	865	0.0005772890600682046	3	0.01430604399632491	0.1150747998713941	3	3	0.01430604399632491	0.11933682949626054	2.0		0.0		1	1.0
enhancers::chr2:5549400-5552800::NA::NA	1993	0.0018521205791674443	4	0.5041584089387533	0.5137797526207906	2	2	0.8832283832920709	0.8848854721913055	4.0		0.0		1	1.0
enhancers::chr1:196515400-196516200::NA::NA	678	0.0009722280005916296	3	0.029289982178657446	0.1150747998713941	3	3	0.029289982178657446	0.11933682949626054	1.0		0.0		1	1.0
enhancers::chr1:178598200-178599200::NA::NA	403	0.0005288090394667166	2	0.019689697802128134	0.1150747998713941	2	2	0.019689697802128134	0.11933682949626054	2.0		0.0		1	1.0
enhancers::chr7:40436600-40437200::NA::NA	577	0.000717566762215043	2	0.06529692257898596	0.14901092588537823	2	2	0.06529692257898596	0.15094613271505847	2.0		0.0		1	1.0
enhancers::chr13:73943200-73944400::NA::NA	610	0.0006705569107960394	2	0.0639381516250205	0.14653636466850192	2	2	0.0639381516250205	0.1484477085554824	2.0		0.0		1	1.0
enhancers::chr4:23041400-23042000::NA::NA	489	0.0008355021412693105	2	0.06379471911134751	0.14653636466850192	2	2	0.06379471911134751	0.1484477085554824	1.0		0.0		1	1.0
enhancers::chr11:86465800-86466600::NA::NA	689	0.0005896245498346202	2	0.06318849490344676	0.14607210510147434	2	2	0.06318849490344676	0.14799410648438846	2.0		0.0		1	1.0
enhancers::chr15:91025200-91026800::NA::NA	855	0.00047309425504395066	2	0.06272332946817928	0.14562720841742494	2	2	0.06272332946817928	0.14755179707492394	1.0		0.0		1	1.0
enhancers::chrX:135680600-135681800::NA::NA	402	0.0010026868419230595	2	0.062298983530763435	0.14527361225077587	2	2	0.062298983530763435	0.14720202303286584			0.0		1	1.0
enhancers::chr4:139655400-139658000::NA::NA	535	0.0007449514178670245	2	0.06110331132969021	0.1443768506639583	2	2	0.06110331132969021	0.14659442286047308	2.0		0.0		1	1.0
enhancers::chr6:19472200-19472800::NA::NA	440	0.0009056135923198715	2	0.06106921318453063	0.1443768506639583	2	2	0.06106921318453063	0.14659442286047308	2.0		0.0		1	1.0
enhancers::chr6:105147400-105149000::NA::NA	430	0.0009227553607344458	2	0.06061758303939639	0.1443768506639583	2	2	0.06061758303939639	0.14659442286047308	1.0		0.0		1	1.0
enhancers::chr14:54348600-54350000::NA::NA	602	0.0006658522828468266	3	0.007942971708103463	0.1150747998713941	2	2	0.06172452983211491	0.14659442286047308	3.0		0.0		1	1.0
enhancers::chr17:68118800-68120800::NA::NA	1372	0.0006460624488558717	3	0.06057757686744213	0.1443768506639583	3	3	0.06057757686744213	0.14659442286047308	3.0		0.0		1	1.0
enhancers::chr7:40260000-40263400::NA::NA	1206	0.0007298950228022268	3	0.05957919389283542	0.1443768506639583	3	3	0.05957919389283542	0.14659442286047308	3.0		0.0		1	1.0
enhancers::chr7:93774800-93776400::NA::NA	461	0.0008553659451945782	2	0.05996753431004658	0.1443768506639583	2	2	0.05996753431004658	0.14659442286047308	2.0		0.0		1	1.0
enhancers::chr4:177696000-177708400::NA::NA	1594	0.0009217926730073402	4	0.06176731300300831	0.14466554887546684	4	4	0.06176731300300831	0.14659442286047308	4.0		0.0		1	1.0
enhancers::chr4:101770000-101771000::NA::NA	561	0.0007133764996994619	2	0.06154926407412908	0.14466554887546684	2	2	0.06154926407412908	0.14659442286047308	2.0		0.0		1	1.0
enhancers::chr14:45801800-45802600::NA::NA	415	0.0009589635845455608	2	0.060931174096707036	0.1443768506639583	2	2	0.060931174096707036	0.14659442286047308	2.0		0.0		1	1.0
enhancers::chr8:56598200-56599000::NA::NA	442	0.0008751472890534735	2	0.057981488457737415	0.14137951980105837	2	2	0.057981488457737415	0.14400983644851992	2.0		0.0		1	1.0
enhancers::chr12:21941000-21941800::NA::NA	425	0.0009036187339086304	2	0.05725115151886676	0.140239059225114	2	2	0.05725115151886676	0.14286035005175166	1.0		0.0		1	1.0
enhancers::chr1:77235800-77238200::NA::NA	414	0.0009192487249978897	2	0.056345035495477494	0.13901712959724663	2	2	0.056345035495477494	0.1416277799183217	2.0		0.0		1	1.0
enhancers::chr13:26894800-26895800::NA::NA	566	0.0006702946031584534	2	0.05605792420415561	0.13901712959724663	2	2	0.05605792420415561	0.1416277799183217	1.0		0.0		1	1.0
enhancers::chr2:131629800-131631400::NA::NA	1001	0.0008594992027058318	3	0.056412602758107576	0.13901712959724663	3	3	0.056412602758107576	0.1416277799183217	3.0		0.0		1	1.0
enhancers::chr8:132301800-132303200::NA::NA	728	0.0011827611428164803	3	0.0564919796303418	0.13901712959724663	3	3	0.0564919796303418	0.1416277799183217	3.0		0.0		1	1.0
enhancers::chr12:133442600-133444800::NA::NA	459	0.0008201931414879759	2	0.055290086906472656	0.13861458407538216	2	2	0.055290086906472656	0.14126749477538947	2.0		0.0		1	1.0
enhancers::chr21:15910200-15911600::NA::NA	932	0.0009080342608709619	3	0.054226485201795474	0.13658935423471122	3	3	0.054226485201795474	0.13921607258537877	2.0		0.0		1	1.0
enhancers::chr2:191977600-191981000::NA::NA	654	0.0005577907378455855	2	0.05232476813093953	0.13361846274261602	2	2	0.05232476813093953	0.13620046202266656	2.0		0.0		1	1.0
enhancers::chr7:17245800-17246600::NA::NA	732	0.0004995615170609953	2	0.05255350670029139	0.13361846274261602	2	2	0.05255350670029139	0.13620046202266656	2.0		0.0		1	1.0
enhancers::chr5:107140800-107144000::NA::NA	496	0.0007393415341508865	2	0.052796808312157266	0.13361846274261602	2	2	0.052796808312157266	0.13620046202266656	2.0		0.0		1	1.0
enhancers::chr5:155310800-155311800::NA::NA	367	0.0009841727799049325	2	0.051380527656844845	0.1325468684480925	2	2	0.051380527656844845	0.13581919420185912	2.0		0.0		1	1.0
enhancers::chr10:23803000-23803800::NA::NA	443	0.0008176953706060973	2	0.051657858991093694	0.1326216187559809	2	2	0.051657858991093694	0.13581919420185912	2.0		0.0		1	1.0
enhancers::chr8:56931200-56932400::NA::NA	451	0.00092059258815249	2	0.06559594629541961	0.14905632051810241	2	2	0.06559594629541961	0.15098377293859513	2.0		0.0		1	1.0
enhancers::chr5:52702000-52704000::NA::NA	563	0.0007400620379175686	2	0.06601319904145687	0.14936884867855071	2	2	0.06601319904145687	0.15129205273878957	2.0		0.0		1	1.0
enhancers::chr21:17996800-17997400::NA::NA	361	0.0011596582668483145	2	0.06652464298256934	0.14952135918497286	2	2	0.06652464298256934	0.1514301424937172	1.0		0.0		1	1.0
enhancers::chr5:134675600-134677600::NA::NA	825	0.0005077183791651808	2	0.0666406057790703	0.14952135918497286	2	2	0.0666406057790703	0.1514301424937172	2.0		0.0		1	1.0
enhancers::chr16:25580600-25581400::NA::NA	375	0.0012351938169407877	2	0.07915939646976107	0.15772805117482244	2	2	0.07915939646976107	0.15951365175416005	2.0		0.0		1	1.0
enhancers::chr1:58392600-58393400::NA::NA	543	0.0008496070129723727	2	0.07864768993356373	0.15729537986712747	2	2	0.07864768993356373	0.15908282736561755	2.0		0.0		1	1.0
enhancers::chr4:7032200-7034600::NA::NA	577	0.0007933502806595365	2	0.07761479789468752	0.1566749760878646	2	2	0.07761479789468752	0.15846214311548285	2.0		0.0		1	1.0
enhancers::chr20:44469400-44473000::NA::NA	1122	0.0003981945767352781	2	0.07448395956028048	0.15663662833046996	2	2	0.07448395956028048	0.15846214311548285	2.0		0.0		1	1.0
enhancers::chr4:47553400-47556200::NA::NA	753	0.0006098195467235329	2	0.07804408921230709	0.1566749760878646	2	2	0.07804408921230709	0.15846214311548285	2.0		0.0		1	1.0
enhancers::chr10:4066800-4067400::NA::NA	493	0.0009303569867733262	2	0.07786569579826778	0.1566749760878646	2	2	0.07786569579826778	0.15846214311548285	2.0		0.0		1	1.0
enhancers::chr10:60494000-60495000::NA::NA	528	0.0008491613975004887	2	0.07490113967747129	0.15663662833046996	2	2	0.07490113967747129	0.15846214311548285	2.0		0.0		1	1.0
enhancers::chr11:88116800-88118400::NA::NA	1232	0.0007829524243656989	3	0.07383414603606515	0.15663662833046996	3	3	0.07383414603606515	0.15846214311548285	3.0		0.0		1	1.0
enhancers::chr9:81780200-81781600::NA::NA	488	0.0009400417553436915	2	0.07788650442564725	0.1566749760878646	2	2	0.07788650442564725	0.15846214311548285	1.0		0.0		1	1.0
enhancers::chr3:149158800-149161600::NA::NA	1142	0.00038943231760451907	2	0.07390158748594063	0.15663662833046996	2	2	0.07390158748594063	0.15846214311548285	1.0		0.0		1	1.0
enhancers::chr21:26742600-26743400::NA::NA	453	0.000991306031137564	2	0.07509171695243504	0.15663662833046996	2	2	0.07509171695243504	0.15846214311548285	2.0		0.0		1	1.0
enhancers::chr13:111116000-111117000::NA::NA	693	0.0006459817723821322	2	0.07471916913742092	0.15663662833046996	2	2	0.07471916913742092	0.15846214311548285	2.0		0.0		1	1.0
enhancers::chr17:17716400-17721200::NA::NA	649	0.000686471333223355	2	0.0741028681067583	0.15663662833046996	2	2	0.0741028681067583	0.15846214311548285	2.0		0.0		1	1.0
enhancers::chr5:9264600-9265200::NA::NA	447	0.0010229429113578332	2	0.07744971967674814	0.1566749760878646	2	2	0.07744971967674814	0.15846214311548285	1.0		0.0		1	1.0
enhancers::chr12:122478000-122479400::NA::NA	431	0.0008425777247247734	3	0.006062629288995895	0.1150747998713941	2	2	0.05188598430183382	0.13581919420185912	3.0		0.0		1	1.0
enhancers::chr1:176194000-176195200::NA::NA	679	0.0006725356984669713	2	0.07730259526278743	0.1566749760878646	2	2	0.07730259526278743	0.15846214311548285	2.0		0.0		1	1.0
enhancers::chr11:59472800-59476400::NA::NA	801	0.0005690387096548158	2	0.07706448378207638	0.1566749760878646	2	2	0.07706448378207638	0.15846214311548285	2.0		0.0		1	1.0
enhancers::chr9:74119200-74120400::NA::NA	648	0.0007057848311482958	2	0.07750164042412579	0.1566749760878646	2	2	0.07750164042412579	0.15846214311548285	2.0		0.0		1	1.0
enhancers::chr5:57389400-57390400::NA::NA	389	0.001177457323833153	2	0.07766214241114755	0.1566749760878646	2	2	0.07766214241114755	0.15846214311548285	2.0		0.0		1	1.0
enhancers::chr2:21326200-21327400::NA::NA	604	0.0007287416658372237	2	0.07257501425756764	0.1556428016608077	2	2	0.07257501425756764	0.15754088460789073	2.0		0.0		1	1.0
enhancers::chr21:27365400-27373800::NA::NA	553	0.0007777021976225003	2	0.06972932252360134	0.15193189729373247	2	2	0.06972932252360134	0.1537922878728394	2.0		0.0		1	1.0
enhancers::chr4:144642200-144643200::NA::NA	520	0.0008327860652037764	2	0.07056013207648999	0.15193189729373247	2	2	0.07056013207648999	0.1537922878728394	2.0		0.0		1	1.0
enhancers::chr2:134092200-134092800::NA::NA	485	0.0008863677092491758	2	0.06967001391276323	0.15193189729373247	2	2	0.06967001391276323	0.1537922878728394	2.0		0.0		1	1.0
enhancers::chr7:93480600-93481200::NA::NA	476	0.0009090430083057839	2	0.07045736750611431	0.15193189729373247	2	2	0.07045736750611431	0.1537922878728394	2.0		0.0		1	1.0
enhancers::chr4:101287200-101289400::NA::NA	537	0.0008044324878339672	2	0.07026248895108266	0.15193189729373247	2	2	0.07026248895108266	0.1537922878728394	2.0		0.0		1	1.0
enhancers::chr5:163342000-163343600::NA::NA	712	0.000600688266145938	2	0.06907887584131588	0.1518029617253608	2	2	0.06907887584131588	0.15370049874692782	2.0		0.0		1	1.0
enhancers::chr10:26771800-26778600::NA::NA	636	0.0006716847102772593	2	0.06893420529888987	0.1518029617253608	2	2	0.06893420529888987	0.15370049874692782	2.0		0.0		1	1.0
enhancers::chr12:20779800-20783200::NA::NA	1585	0.0009564248037296076	4	0.0675676090628734	0.149757462133755	4	4	0.0675676090628734	0.1516451612362813	3.0		0.0		1	1.0
enhancers::chr14:35671600-35675600::NA::NA	727	0.0005806320044051429	2	0.06753278890970588	0.149757462133755	2	2	0.06753278890970588	0.1516451612362813	2.0		0.0		1	1.0
enhancers::chr12:32738800-32742800::NA::NA	944	0.00044732770957864185	2	0.06758716924014035	0.149757462133755	2	2	0.06758716924014035	0.1516451612362813			0.0		1	1.0
enhancers::chr16:65943200-65944600::NA::NA	426	0.0010691999915622417	2	0.07693237408943486	0.1566749760878646	2	2	0.07693237408943486	0.15846214311548285	2.0		0.0		1	1.0
enhancers::chr1:211111200-211112200::NA::NA	563	0.0007058129857224624	3	0.007756170737131738	0.1150747998713941	3	3	0.007756170737131738	0.11933682949626054	3.0		0.0		1	1.0
enhancers::chr1:58723200-58724400::NA::NA	340	0.001056542454765827	2	0.050880514835447734	0.13189415010742275	2	2	0.050880514835447734	0.1351750991150701	2.0		0.0		1	1.0
enhancers::chr12:46966800-46967800::NA::NA	656	0.0005415637322787908	2	0.049932655636963696	0.130068478586042	2	2	0.049932655636963696	0.13399014125697795	2.0		0.0		1	1.0
enhancers::chr11:101896200-101898000::NA::NA	386	0.0008175362966237002	2	0.040394052344556425	0.1276356446863499	2	2	0.040394052344556425	0.1315269753170313	2.0		0.0		1	1.0
enhancers::chr21:27747000-27749200::NA::NA	949	0.0007897612459745807	3	0.04037125591720853	0.1276356446863499	3	3	0.04037125591720853	0.1315269753170313	3.0		0.0		1	1.0
enhancers::chr1:71879800-71880600::NA::NA	292	0.0010683955406721088	2	0.03954967280602153	0.12646422322404488	2	2	0.03954967280602153	0.1303674399902191	1.0		0.0		1	1.0
enhancers::chr3:138659200-138660600::NA::NA	714	0.00043274881508447447	2	0.03891949869740844	0.12564515654949757	2	2	0.03891949869740844	0.12954718004482357	1.0		0.0		1	1.0
enhancers::chr2:68529800-68531000::NA::NA	505	0.000613180679757619	2	0.03905823218579887	0.12564515654949757	2	2	0.03905823218579887	0.12954718004482357	2.0		0.0		1	1.0
enhancers::chr8:97225000-97226400::NA::NA	314	0.000969888295085961	2	0.037875896123379355	0.12522073072319154	2	2	0.037875896123379355	0.12915848955096484	2.0		0.0		1	1.0
enhancers::chr10:60541600-60543400::NA::NA	562	0.0005369531662210584	2	0.037288117601569686	0.12522073072319154	2	2	0.037288117601569686	0.12915848955096484	2.0		0.0		1	1.0
enhancers::chr1:55337200-55338000::NA::NA	565	0.0005415699364650548	2	0.038233772897088875	0.12522073072319154	2	2	0.038233772897088875	0.12915848955096484	2.0		0.0		1	1.0
enhancers::chr14:106321400-106328800::NA::NA	483	0.0006356329742583324	2	0.03845730306854571	0.12522073072319154	2	2	0.03845730306854571	0.12915848955096484	2.0		0.0		1	1.0
enhancers::chr8:72502600-72504200::NA::NA	692	0.0010615157151736502	3	0.038394800106336335	0.12522073072319154	3	3	0.038394800106336335	0.12915848955096484	2.0		0.0		1	1.0
enhancers::chr17:28132400-28135200::NA::NA	442	0.0006886616275302575	2	0.03786277577472813	0.12522073072319154	2	2	0.03786277577472813	0.12915848955096484	2.0		0.0		1	1.0
enhancers::chr5:79562800-79567800::NA::NA	501	0.0006021654907597181	2	0.03726456383653869	0.12522073072319154	2	2	0.03726456383653869	0.12915848955096484	2.0		0.0		1	1.0
enhancers::chr7:138248600-138249800::NA::NA	616	0.00048297225046841535	2	0.03634722651847799	0.12362687236221177	2	2	0.03634722651847799	0.12769354579517928	2.0		0.0		1	1.0
enhancers::chr3:31135200-31137200::NA::NA	440	0.000666741660007217	2	0.035421898221474256	0.12125188237350804	2	2	0.035421898221474256	0.1252668453660083	2.0		0.0		1	1.0
enhancers::chr7:135678200-135679600::NA::NA	356	0.0008231260462755882	2	0.03533688340619958	0.12125188237350804	2	2	0.03533688340619958	0.1252668453660083	2.0		0.0		1	1.0
enhancers::chr20:45878400-45879800::NA::NA	731	0.0003978993186723295	2	0.03489707300143284	0.12100673365431908	2	2	0.03489707300143284	0.12506736230043716	2.0		0.0		1	1.0
enhancers::chr10:18988400-18990000::NA::NA	835	0.0008442089847668543	3	0.03467507285316807	0.12100673365431908	3	3	0.03467507285316807	0.12506736230043716	2.0		0.0		1	1.0
enhancers::chr6:46756800-46760600::NA::NA	1122	0.0006228088430632816	5	0.0007744786725468856	0.1150747998713941	3	3	0.03394551357940549	0.12428852503749595	5.0		0.0		1	1.0
enhancers::chr3:165353400-165354600::NA::NA	771	0.0009093574694220426	3	0.03420528763323482	0.12020008671389412	3	3	0.03420528763323482	0.12428852503749595	3.0		0.0		1	1.0
enhancers::chr7:122088600-122091200::NA::NA	323	0.0008912934976936508	2	0.03421425689234439	0.12020008671389412	2	2	0.03421425689234439	0.12428852503749595	2.0		0.0		1	1.0
enhancers::chr7:129638400-129639000::NA::NA	481	0.0005962896915581809	2	0.03400582366473006	0.12020008671389412	2	2	0.03400582366473006	0.12428852503749595	2.0		0.0		1	1.0
enhancers::chr16:29651600-29653400::NA::NA	521	0.0005420987564760818	2	0.03307193902497416	0.11932713134686623	2	2	0.03307193902497416	0.12349940866668674	1.0		0.0		1	1.0
enhancers::chr8:69983200-69984400::NA::NA	957	0.001243440132065816	4	0.03280945898952739	0.11918538163542602	4	4	0.03280945898952739	0.12338205000287061	4.0		0.0		1	1.0
enhancers::chr7:115816400-115818200::NA::NA	458	0.0006103577064086418	2	0.03245382160170677	0.11870096394048914	2	2	0.03245382160170677	0.12291021798093203	2.0		0.0		1	1.0
enhancers::chr5:163013200-163014600::NA::NA	279	0.0009988359807736706	2	0.03224086855948123	0.11870096394048914	2	2	0.03224086855948123	0.12291021798093203	2.0		0.0		1	1.0
enhancers::chr6:121827800-121828600::NA::NA	369	0.0007477122639559182	2	0.0316782424431475	0.11821965417144989	2	2	0.0316782424431475	0.12247215971718549	2.0		0.0		1	1.0
enhancers::chr2:151744600-151745200::NA::NA	335	0.0008265507863267917	2	0.031879457304660644	0.11821965417144989	2	2	0.031879457304660644	0.12247215971718549	2.0		0.0		1	1.0
enhancers::chr10:114999400-115002400::NA::NA	408	0.0006682766266713779	2	0.031007121973193708	0.11660424742032001	2	2	0.031007121973193708	0.12085987688821488	2.0		0.0		1	1.0
enhancers::chr5:74305600-74307200::NA::NA	595	0.0004531311983783736	2	0.030394238980195946	0.1151100965632953	2	2	0.030394238980195946	0.11934208540753408	2.0		0.0		1	1.0
enhancers::chr7:107470800-107471800::NA::NA	479	0.0006612979889514561	2	0.04068122127737898	0.1277868950712963	2	2	0.04068122127737898	0.13165922522497198	2.0		0.0		1	1.0
enhancers::chrX:18918600-18919200::NA::NA	282	0.0011467790734409427	2	0.04218328918071411	0.12811941852669032	2	2	0.04218328918071411	0.13180101101308944			0.0		1	1.0
enhancers::chr2:189876400-189880400::NA::NA	986	0.0007744088554643904	3	0.04226313523863541	0.12811941852669032	3	3	0.04226313523863541	0.13180101101308944	3.0		0.0		1	1.0
enhancers::chr3:142383200-142384400::NA::NA	534	0.000611350811427648	2	0.042946396846961735	0.12811941852669032	2	2	0.042946396846961735	0.13180101101308944	1.0		0.0		1	1.0
enhancers::chr4:119874400-119877800::NA::NA	543	0.0006508535702224298	2	0.04946337508277795	0.130068478586042	2	2	0.04946337508277795	0.13391525555739847	2.0		0.0		1	1.0
enhancers::chr12:10664600-10665200::NA::NA	380	0.0009277661783501256	2	0.049227265026120674	0.130068478586042	2	2	0.049227265026120674	0.13391525555739847	1.0		0.0		1	1.0
enhancers::chr5:32545200-32545800::NA::NA	480	0.0007379356021066818	2	0.04965397116173202	0.130068478586042	2	2	0.04965397116173202	0.13391525555739847	2.0		0.0		1	1.0
enhancers::chr4:138124800-138125400::NA::NA	294	0.0011924625409316634	2	0.04871943617817418	0.130068478586042	2	2	0.04871943617817418	0.1334163021494616	2.0		0.0		1	1.0
enhancers::chr5:60325400-60326000::NA::NA	600	0.0005802977683589148	2	0.04817609931931888	0.12964783371662897	2	2	0.04817609931931888	0.13298927272994415	2.0		0.0		1	1.0
enhancers::chr19:41240400-41242600::NA::NA	677	0.0005143563361296992	2	0.04819136384747915	0.12964783371662897	2	2	0.04819136384747915	0.13298927272994415	2.0		0.0		1	1.0
enhancers::chr6:142705600-142706400::NA::NA	736	0.0004705188829857779	2	0.04772442532477274	0.12964783371662897	2	2	0.04772442532477274	0.13298927272994415	2.0		0.0		1	1.0
enhancers::chr7:209200-210600::NA::NA	485	0.0007191475510677372	2	0.048314454886908546	0.12964783371662897	2	2	0.048314454886908546	0.13298927272994415	2.0		0.0		1	1.0
enhancers::chr11:113143400-113146200::NA::NA	412	0.000824725022258389	2	0.04611023181102292	0.12944366799158374	2	2	0.04611023181102292	0.13285008030715173	1.0		0.0		1	1.0
enhancers::chr10:73590200-73593200::NA::NA	896	0.00037961948118150527	2	0.04623108984236226	0.12944366799158374	2	2	0.04623108984236226	0.13285008030715173	2.0		0.0		1	1.0
enhancers::chr3:73736000-73737800::NA::NA	705	0.001129804635537423	3	0.04682509879974923	0.12944366799158374	3	3	0.04682509879974923	0.13285008030715173	3.0		0.0		1	1.0
enhancers::chr3:115802400-115803400::NA::NA	383	0.0008972758661068653	2	0.04704396693181168	0.12944366799158374	2	2	0.04704396693181168	0.13285008030715173	2.0		0.0		1	1.0
enhancers::chr16:27510600-27511400::NA::NA	381	0.000902935504592716	2	0.047131701331583085	0.12944366799158374	2	2	0.047131701331583085	0.13285008030715173	2.0		0.0		1	1.0
enhancers::chr11:131300200-131301200::NA::NA	358	0.0009625691484360511	2	0.04726875516546597	0.12944366799158374	2	2	0.04726875516546597	0.13285008030715173	2.0		0.0		1	1.0
enhancers::chr20:7920400-7921600::NA::NA	400	0.0008928729713630124	3	0.005790000588907413	0.1150747998713941	2	2	0.050374194744012266	0.13449909996651274	3.0		0.0		1	1.0
enhancers::chr3:126551000-126552000::NA::NA	607	0.0005674945146786956	2	0.04726855286231986	0.12944366799158374	2	2	0.04726855286231986	0.13285008030715173	2.0		0.0		1	1.0
enhancers::chr1:71374000-71376200::NA::NA	852	0.0009177545808013676	3	0.044781064612673255	0.12839791615321786	3	3	0.044781064612673255	0.1319253314321524	3.0		0.0		1	1.0
enhancers::chr20:16934600-16935600::NA::NA	656	0.0011777456630409067	3	0.04346471275506998	0.12839791615321786	3	3	0.04346471275506998	0.1319253314321524	3.0		0.0		1	1.0
enhancers::chr7:44826600-44827600::NA::NA	596	0.0005539101485772759	2	0.04381832814189026	0.12839791615321786	2	2	0.04381832814189026	0.1319253314321524	1.0		0.0		1	1.0
enhancers::chr5:42490400-42493400::NA::NA	429	0.0007786714617446025	2	0.04473414676331886	0.12839791615321786	2	2	0.04473414676331886	0.1319253314321524	2.0		0.0		1	1.0
enhancers::chr12:93422600-93423400::NA::NA	691	0.000481346326271975	2	0.04441402207343669	0.12839791615321786	2	2	0.04441402207343669	0.1319253314321524	2.0		0.0		1	1.0
enhancers::chr13:75342400-75343600::NA::NA	346	0.0009570976260231777	2	0.04402974725552484	0.12839791615321786	2	2	0.04402974725552484	0.1319253314321524	2.0		0.0		1	1.0
enhancers::chr8:39961000-39962600::NA::NA	648	0.0005152075684737755	2	0.04470840566882163	0.12839791615321786	2	2	0.04470840566882163	0.1319253314321524	2.0		0.0		1	1.0
enhancers::chr2:150265800-150267800::NA::NA	1022	0.000766278701462433	3	0.044963315207212994	0.12839791615321786	3	3	0.044963315207212994	0.1319253314321524	3.0		0.0		1	1.0
enhancers::chr17:40736400-40740200::NA::NA	707	0.00045337492116568945	2	0.04157205411294805	0.12811941852669032	2	2	0.04157205411294805	0.13180101101308944	2.0		0.0		1	1.0
enhancers::chr1:68329800-68331000::NA::NA	471	0.000684537146203352	2	0.04199212722455029	0.12811941852669032	2	2	0.04199212722455029	0.13180101101308944	2.0		0.0		1	1.0
enhancers::chr2:192647400-192648400::NA::NA	416	0.0007694226097241366	2	0.041440963127145444	0.12811941852669032	2	2	0.041440963127145444	0.13180101101308944	1.0		0.0		1	1.0
enhancers::chr12:22752600-22753400::NA::NA	412	0.0007907936809598044	2	0.04277814701689921	0.12811941852669032	2	2	0.04277814701689921	0.13180101101308944	2.0		0.0		1	1.0
enhancers::chr18:7896400-7897400::NA::NA	417	0.0007759371225097212	2	0.04225346803859714	0.12811941852669032	2	2	0.04225346803859714	0.13180101101308944	2.0		0.0		1	1.0
enhancers::chr4:75133400-75134400::NA::NA	552	0.0005886108354026312	2	0.04258418843234617	0.12811941852669032	2	2	0.04258418843234617	0.13180101101308944	1.0		0.0		1	1.0
enhancers::chr8:91322200-91324000::NA::NA	425	0.0007931745794183316	2	0.04546441948605402	0.12913829790187684	2	2	0.04546441948605402	0.1326666666970101	2.0		0.0		1	1.0
enhancers::chrX:65218000-65239000::NA::NA	9177	0.0009179848091586615	3	0.9901672478824962	0.9901672478824962	3	3	0.9901672478824962	0.9901672478824962			0.0		1	1.0
